year,month,prefecture_id,blood_donors,whole_blood_donation,200mL_blood_donation,400mL_blood_donation,component_blood_donation,PPP_blood_donation,PC_blood_donation
2017,1,1,20934,17164,711,16453,3770,666,3104
2017,1,2,4168,2997,89,2908,1171,331,840
2017,1,3,3534,2583,139,2444,951,332,619
2017,1,4,7301,4777,159,4618,2524,1761,763
2017,1,5,3392,2446,4,2442,946,296,650
2017,1,6,3172,2260,96,2164,912,554,358
2017,1,7,6491,4641,197,4444,1850,749,1101
2017,1,8,7957,5640,256,5384,2317,1437,880
2017,1,9,6785,4542,733,3809,2243,1234,1009
2017,1,10,7576,5192,166,5026,2384,1692,692
2017,1,11,18681,13527,1106,12421,5154,3378,1776
2017,1,12,18853,13784,711,13073,5069,3179,1890
2017,1,13,48765,33532,1431,32101,15233,8110,7123
2017,1,14,25087,17886,832,17054,7201,4403,2798
2017,1,15,7145,4503,243,4260,2642,1448,1194
2017,1,16,3050,1961,116,1845,1089,1089,0
2017,1,17,6262,3866,9,3857,2396,1514,882
2017,1,18,3372,2386,219,2167,986,434,552
2017,1,19,3640,2305,147,2158,1335,658,677
2017,1,20,2528,1931,64,1867,597,142,455
2017,1,21,5845,4125,163,3962,1720,829,891
2017,1,22,11014,7912,439,7473,3102,1627,1475
2017,1,23,22120,14692,614,14078,7428,4457,2971
2017,1,24,4699,2772,15,2757,1927,1145,782
2017,1,25,4001,3078,58,3020,923,328,595
2017,1,26,8889,6335,85,6250,2554,1168,1386
2017,1,27,32553,23290,845,22445,9263,3680,5583
2017,1,28,17666,12963,639,12324,4703,2146,2557
2017,1,29,3986,2896,114,2782,1090,468,622
2017,1,30,3416,2623,37,2586,793,292,501
2017,1,31,1606,1225,6,1219,381,78,303
2017,1,32,1690,1242,2,1240,448,100,348
2017,1,33,6233,4502,127,4375,1731,751,980
2017,1,34,10747,6439,144,6295,4308,2033,2275
2017,1,35,4225,3332,26,3306,893,430,463
2017,1,36,2486,1960,5,1955,526,145,381
2017,1,37,2881,2151,6,2145,730,349,381
2017,1,38,3714,2768,5,2763,946,470,476
2017,1,39,2509,1914,86,1828,595,132,463
2017,1,40,17157,12688,0,12688,4469,1919,2550
2017,1,41,2640,1772,9,1763,868,444,424
2017,1,42,4741,3569,66,3503,1172,478,694
2017,1,43,5863,4511,88,4423,1352,581,771
2017,1,44,3695,2908,38,2870,787,311,476
2017,1,45,3846,3094,45,3049,752,184,568
2017,1,46,5411,4302,58,4244,1109,192,917
2017,1,47,4573,3445,105,3340,1128,521,607
2017,2,1,19507,15990,726,15264,3517,494,3023
2017,2,2,3896,2743,56,2687,1153,335,818
2017,2,3,3882,2917,170,2747,965,361,604
2017,2,4,6906,4448,67,4381,2458,1693,765
2017,2,5,2981,2084,1,2083,897,277,620
2017,2,6,3184,2377,100,2277,807,494,313
2017,2,7,6647,4904,216,4688,1743,719,1024
2017,2,8,7577,5246,167,5079,2331,1530,801
2017,2,9,6389,4288,465,3823,2101,1204,897
2017,2,10,6836,4557,92,4465,2279,1651,628
2017,2,11,18047,13213,1298,11915,4834,3142,1692
2017,2,12,17839,13290,693,12597,4549,2577,1972
2017,2,13,45410,31668,1356,30312,13742,7106,6636
2017,2,14,25028,18020,813,17207,7008,4273,2735
2017,2,15,7426,4837,253,4584,2589,1411,1178
2017,2,16,2763,1769,102,1667,994,994,0
2017,2,17,5862,3661,5,3656,2201,1271,930
2017,2,18,3100,2137,161,1976,963,402,561
2017,2,19,3538,2343,172,2171,1195,586,609
2017,2,20,2367,1808,85,1723,559,108,451
2017,2,21,5559,3961,231,3730,1598,774,824
2017,2,22,10332,7308,355,6953,3024,1707,1317
2017,2,23,21732,14402,674,13728,7330,4483,2847
2017,2,24,4605,2652,9,2643,1953,1151,802
2017,2,25,3801,3023,61,2962,778,278,500
2017,2,26,8831,6544,93,6451,2287,1015,1272
2017,2,27,31071,22331,1240,21091,8740,3600,5140
2017,2,28,16616,12284,475,11809,4332,2003,2329
2017,2,29,3676,2663,129,2534,1013,449,564
2017,2,30,3424,2687,81,2606,737,336,401
2017,2,31,1688,1314,2,1312,374,80,294
2017,2,32,1755,1315,4,1311,440,135,305
2017,2,33,5943,4256,104,4152,1687,750,937
2017,2,34,10525,6300,96,6204,4225,2066,2159
2017,2,35,4106,3267,76,3191,839,385,454
2017,2,36,2157,1653,6,1647,504,143,361
2017,2,37,2988,2300,5,2295,688,338,350
2017,2,38,3784,2896,6,2890,888,456,432
2017,2,39,2342,1734,109,1625,608,139,469
2017,2,40,16159,12116,0,12116,4043,1646,2397
2017,2,41,2585,1697,7,1690,888,442,446
2017,2,42,4421,3369,70,3299,1052,419,633
2017,2,43,5855,4549,98,4451,1306,573,733
2017,2,44,3646,2896,33,2863,750,280,470
2017,2,45,3589,2927,55,2872,662,141,521
2017,2,46,5036,4110,86,4024,926,137,789
2017,2,47,4634,3621,112,3509,1013,430,583
2017,3,1,21741,17983,1161,16822,3758,563,3195
2017,3,2,4531,3211,124,3087,1320,384,936
2017,3,3,4011,2969,168,2801,1042,362,680
2017,3,4,6909,4498,125,4373,2411,1674,737
2017,3,5,3240,2297,5,2292,943,301,642
2017,3,6,3278,2440,108,2332,838,458,380
2017,3,7,6668,4921,303,4618,1747,700,1047
2017,3,8,8541,5976,231,5745,2565,1663,902
2017,3,9,6749,4505,728,3777,2244,1049,1195
2017,3,10,7005,4633,179,4454,2372,1621,751
2017,3,11,18983,13820,1262,12558,5163,3359,1804
2017,3,12,18644,13669,674,12995,4975,2928,2047
2017,3,13,47323,32610,1578,31032,14713,8120,6593
2017,3,14,25500,18127,751,17376,7373,4386,2987
2017,3,15,7591,4889,368,4521,2702,1069,1633
2017,3,16,2732,1759,88,1671,973,973,0
2017,3,17,6270,3986,24,3962,2284,1169,1115
2017,3,18,3193,2238,118,2120,955,414,541
2017,3,19,3684,2411,193,2218,1273,617,656
2017,3,20,2440,1897,80,1817,543,97,446
2017,3,21,5940,4323,208,4115,1617,783,834
2017,3,22,10977,7954,462,7492,3023,1537,1486
2017,3,23,23784,16131,741,15390,7653,4554,3099
2017,3,24,4754,2793,11,2782,1961,1157,804
2017,3,25,3713,2898,64,2834,815,279,536
2017,3,26,9608,7104,134,6970,2504,1160,1344
2017,3,27,33949,24480,1236,23244,9469,3980,5489
2017,3,28,17916,13185,501,12684,4731,2359,2372
2017,3,29,3728,2638,128,2510,1090,508,582
2017,3,30,3405,2672,56,2616,733,305,428
2017,3,31,1805,1404,2,1402,401,75,326
2017,3,32,1654,1198,5,1193,456,105,351
2017,3,33,6149,4319,84,4235,1830,769,1061
2017,3,34,10925,6639,142,6497,4286,2004,2282
2017,3,35,4368,3494,22,3472,874,397,477
2017,3,36,2183,1653,6,1647,530,144,386
2017,3,37,3179,2362,6,2356,817,410,407
2017,3,38,4294,3334,10,3324,960,467,493
2017,3,39,2602,1991,90,1901,611,140,471
2017,3,40,16914,12619,1,12618,4295,1821,2474
2017,3,41,2557,1673,13,1660,884,473,411
2017,3,42,4626,3528,63,3465,1098,469,629
2017,3,43,5705,4354,97,4257,1351,598,753
2017,3,44,4063,3253,46,3207,810,322,488
2017,3,45,3712,2991,100,2891,721,189,532
2017,3,46,5291,4291,81,4210,1000,174,826
2017,3,47,4481,3447,68,3379,1034,456,578
2017,4,1,19380,15683,734,14949,3697,540,3157
2017,4,2,3689,2834,92,2742,855,225,630
2017,4,3,3588,2701,117,2584,887,304,583
2017,4,4,7119,4734,139,4595,2385,1446,939
2017,4,5,2790,1915,11,1904,875,230,645
2017,4,6,2943,2158,85,2073,785,362,423
2017,4,7,6612,4878,209,4669,1734,628,1106
2017,4,8,7873,5873,112,5761,2000,1238,762
2017,4,9,6108,4061,276,3785,2047,925,1122
2017,4,10,6947,4581,93,4488,2366,1584,782
2017,4,11,18474,13345,914,12431,5129,3045,2084
2017,4,12,17658,12976,468,12508,4682,2861,1821
2017,4,13,45899,31867,1502,30365,14032,7423,6609
2017,4,14,25465,18261,818,17443,7204,4051,3153
2017,4,15,6887,4358,259,4099,2529,1026,1503
2017,4,16,2442,1609,51,1558,833,833,0
2017,4,17,5966,3803,19,3784,2163,1122,1041
2017,4,18,3039,2111,115,1996,928,377,551
2017,4,19,3429,2212,156,2056,1217,514,703
2017,4,20,2365,1838,82,1756,527,66,461
2017,4,21,5648,4011,184,3827,1637,750,887
2017,4,22,10553,7523,399,7124,3030,1606,1424
2017,4,23,22098,14520,591,13929,7578,4415,3163
2017,4,24,4606,2767,11,2756,1839,1035,804
2017,4,25,4107,3296,108,3188,811,289,522
2017,4,26,8565,6330,88,6242,2235,1108,1127
2017,4,27,31994,22682,1221,21461,9312,3833,5479
2017,4,28,16962,12388,509,11879,4574,2277,2297
2017,4,29,4003,2870,164,2706,1133,514,619
2017,4,30,3174,2461,80,2381,713,315,398
2017,4,31,1800,1382,5,1377,418,71,347
2017,4,32,1654,1226,3,1223,428,93,335
2017,4,33,6197,4488,137,4351,1709,695,1014
2017,4,34,10439,6710,110,6600,3729,1524,2205
2017,4,35,4079,3273,40,3233,806,351,455
2017,4,36,2177,1695,9,1686,482,132,350
2017,4,37,2772,2074,8,2066,698,313,385
2017,4,38,4297,3391,6,3385,906,437,469
2017,4,39,2267,1694,86,1608,573,124,449
2017,4,40,15600,11655,0,11655,3945,1604,2341
2017,4,41,2570,1634,16,1618,936,501,435
2017,4,42,4447,3285,66,3219,1162,478,684
2017,4,43,5480,4135,94,4041,1345,634,711
2017,4,44,3671,2966,52,2914,705,259,446
2017,4,45,3525,2816,62,2754,709,174,535
2017,4,46,4977,3998,75,3923,979,150,829
2017,4,47,4271,3279,55,3224,992,439,553
2017,5,1,20890,17092,770,16322,3798,677,3121
2017,5,2,3627,2712,93,2619,915,284,631
2017,5,3,3907,2909,124,2785,998,411,587
2017,5,4,7383,4930,266,4664,2453,1755,698
2017,5,5,3033,2097,37,2060,936,255,681
2017,5,6,3243,2323,102,2221,920,474,446
2017,5,7,6662,4794,241,4553,1868,781,1087
2017,5,8,7501,5283,135,5148,2218,1419,799
2017,5,9,6282,4018,317,3701,2264,1030,1234
2017,5,10,7010,4709,181,4528,2301,1539,762
2017,5,11,19604,14313,1129,13184,5291,3191,2100
2017,5,12,17719,12746,591,12155,4973,3145,1828
2017,5,13,46869,32162,1453,30709,14707,8033,6674
2017,5,14,24328,16877,774,16103,7451,4283,3168
2017,5,15,7166,4604,263,4341,2562,1185,1377
2017,5,16,2707,1804,32,1772,903,903,0
2017,5,17,6083,3870,33,3837,2213,1280,933
2017,5,18,3114,2096,89,2007,1018,441,577
2017,5,19,3693,2434,114,2320,1259,615,644
2017,5,20,2407,1810,80,1730,597,79,518
2017,5,21,5915,4074,254,3820,1841,885,956
2017,5,22,10416,7345,351,6994,3071,1710,1361
2017,5,23,23208,14879,558,14321,8329,5324,3005
2017,5,24,4680,2725,17,2708,1955,1164,791
2017,5,25,4237,3391,77,3314,846,338,508
2017,5,26,8692,6455,107,6348,2237,1103,1134
2017,5,27,33455,23458,1118,22340,9997,4928,5069
2017,5,28,17765,12952,480,12472,4813,2648,2165
2017,5,29,4387,3133,167,2966,1254,626,628
2017,5,30,3317,2531,80,2451,786,377,409
2017,5,31,1773,1353,8,1345,420,72,348
2017,5,32,1714,1285,2,1283,429,107,322
2017,5,33,6472,4753,115,4638,1719,710,1009
2017,5,34,10080,6473,127,6346,3607,1501,2106
2017,5,35,4098,3229,29,3200,869,357,512
2017,5,36,2409,1878,6,1872,531,159,372
2017,5,37,3008,2241,5,2236,767,365,402
2017,5,38,4210,3261,2,3259,949,458,491
2017,5,39,2325,1707,110,1597,618,153,465
2017,5,40,16627,12393,1,12392,4234,1863,2371
2017,5,41,2538,1616,15,1601,922,499,423
2017,5,42,4741,3547,78,3469,1194,542,652
2017,5,43,6040,4454,105,4349,1586,787,799
2017,5,44,4049,3267,69,3198,782,339,443
2017,5,45,3679,2929,51,2878,750,210,540
2017,5,46,5247,4227,72,4155,1020,189,831
2017,5,47,4642,3565,55,3510,1077,493,584
2017,6,1,20029,16175,641,15534,3854,628,3226
2017,6,2,3689,2814,107,2707,875,269,606
2017,6,3,3851,2930,133,2797,921,407,514
2017,6,4,7587,5001,207,4794,2586,1875,711
2017,6,5,2973,2023,85,1938,950,260,690
2017,6,6,3336,2479,100,2379,857,456,401
2017,6,7,6591,4757,269,4488,1834,770,1064
2017,6,8,8227,6124,200,5924,2103,1373,730
2017,6,9,6644,4395,375,4020,2249,1070,1179
2017,6,10,7150,4743,136,4607,2407,1637,770
2017,6,11,19124,14100,987,13113,5024,3057,1967
2017,6,12,18360,13451,606,12845,4909,2964,1945
2017,6,13,46371,31823,1507,30316,14548,8002,6546
2017,6,14,25511,18157,757,17400,7354,4368,2986
2017,6,15,7257,4771,204,4567,2486,1160,1326
2017,6,16,2653,1807,89,1718,846,846,0
2017,6,17,6212,3936,27,3909,2276,1403,873
2017,6,18,2966,1977,100,1877,989,474,515
2017,6,19,3571,2283,125,2158,1288,687,601
2017,6,20,2547,2004,89,1915,543,88,455
2017,6,21,5911,4106,214,3892,1805,844,961
2017,6,22,10654,7511,454,7057,3143,1735,1408
2017,6,23,23461,15152,683,14469,8309,5985,2324
2017,6,24,4844,2836,9,2827,2008,1183,825
2017,6,25,3959,3208,80,3128,751,313,438
2017,6,26,8546,6241,109,6132,2305,1077,1228
2017,6,27,32915,22958,1165,21793,9957,5034,4923
2017,6,28,17274,12329,556,11773,4945,2653,2292
2017,6,29,4160,2909,143,2766,1251,603,648
2017,6,30,3210,2453,65,2388,757,394,363
2017,6,31,1941,1494,16,1478,447,75,372
2017,6,32,1638,1198,4,1194,440,121,319
2017,6,33,6501,4775,117,4658,1726,825,901
2017,6,34,9838,5930,145,5785,3908,1876,2032
2017,6,35,4355,3487,57,3430,868,396,472
2017,6,36,2185,1660,5,1655,525,189,336
2017,6,37,2912,2173,4,2169,739,376,363
2017,6,38,4130,3188,4,3184,942,502,440
2017,6,39,2261,1661,126,1535,600,169,431
2017,6,40,16834,12686,1,12685,4148,2046,2102
2017,6,41,2683,1799,20,1779,884,514,370
2017,6,42,4848,3678,69,3609,1170,589,581
2017,6,43,5665,4153,67,4086,1512,759,753
2017,6,44,3764,3025,38,2987,739,314,425
2017,6,45,3710,2975,43,2932,735,241,494
2017,6,46,5139,4168,55,4113,971,180,791
2017,6,47,4802,3708,49,3659,1094,516,578
2017,7,1,19958,15981,693,15288,3977,718,3259
2017,7,2,3672,2756,223,2533,916,278,638
2017,7,3,3648,2668,129,2539,980,409,571
2017,7,4,7558,4841,254,4587,2717,2087,630
2017,7,5,3023,1996,30,1966,1027,332,695
2017,7,6,3201,2220,115,2105,981,556,425
2017,7,7,6836,4870,283,4587,1966,873,1093
2017,7,8,8103,5781,327,5454,2322,1491,831
2017,7,9,6780,4506,680,3826,2274,1033,1241
2017,7,10,7247,4647,182,4465,2600,1854,746
2017,7,11,19333,14053,1207,12846,5280,3232,2048
2017,7,12,19291,13826,651,13175,5465,3191,2274
2017,7,13,46443,30715,1497,29218,15728,8916,6812
2017,7,14,25388,17555,827,16728,7833,4759,3074
2017,7,15,7429,4732,259,4473,2697,1279,1418
2017,7,16,2895,1952,100,1852,943,943,0
2017,7,17,6384,3972,52,3920,2412,1467,945
2017,7,18,3167,2089,143,1946,1078,633,445
2017,7,19,3471,2126,121,2005,1345,833,512
2017,7,20,2380,1774,105,1669,606,164,442
2017,7,21,6298,4330,458,3872,1968,959,1009
2017,7,22,10564,7340,527,6813,3224,1890,1334
2017,7,23,22885,14012,593,13419,8873,6496,2377
2017,7,24,4767,2670,32,2638,2097,1224,873
2017,7,25,3873,2998,99,2899,875,426,449
2017,7,26,8798,6288,121,6167,2510,1138,1372
2017,7,27,32065,21579,984,20595,10486,5153,5333
2017,7,28,17075,12060,497,11563,5015,2721,2294
2017,7,29,3806,2763,157,2606,1043,478,565
2017,7,30,3136,2301,127,2174,835,379,456
2017,7,31,1906,1469,4,1465,437,92,345
2017,7,32,1742,1252,4,1248,490,147,343
2017,7,33,5954,4082,131,3951,1872,868,1004
2017,7,34,10031,5792,136,5656,4239,2074,2165
2017,7,35,4272,3308,41,3267,964,432,532
2017,7,36,2231,1662,7,1655,569,193,376
2017,7,37,2748,1983,8,1975,765,369,396
2017,7,38,3925,2903,4,2899,1022,558,464
2017,7,39,2517,1878,147,1731,639,156,483
2017,7,40,15482,11158,1,11798,4324,2181,2143
2017,7,41,2526,1478,22,1456,1048,644,404
2017,7,42,4410,3113,70,3043,1297,640,657
2017,7,43,5728,4069,105,3964,1659,905,754
2017,7,44,3524,2742,42,2700,782,365,417
2017,7,45,3596,2802,51,2751,794,286,508
2017,7,46,4902,3775,66,3709,1127,266,861
2017,7,47,4369,3211,50,3161,1158,582,576
2017,8,1,21539,17460,734,16726,4079,793,3286
2017,8,2,3740,2835,88,2747,905,296,609
2017,8,3,3664,2761,143,2618,903,363,540
2017,8,4,7390,4853,182,4671,2537,1932,605
2017,8,5,3080,2064,48,2016,1016,336,680
2017,8,6,3380,2495,87,2408,885,490,395
2017,8,7,6561,4708,259,4449,1853,817,1036
2017,8,8,8343,6148,163,5985,2195,1260,935
2017,8,9,6622,4407,353,4054,2215,1160,1055
2017,8,10,7360,4901,86,4815,2459,1789,670
2017,8,11,19600,14415,1046,13369,5185,3161,2024
2017,8,12,18737,13609,526,13083,5128,2930,2198
2017,8,13,46457,31355,1403,29952,15102,8558,6544
2017,8,14,25137,17339,836,16503,7798,4742,3056
2017,8,15,7177,4456,235,4221,2721,1429,1292
2017,8,16,2818,1969,71,1898,849,849,0
2017,8,17,6343,4053,46,4007,2290,1437,853
2017,8,18,2991,2010,48,1962,981,575,406
2017,8,19,3573,2232,133,2099,1341,837,504
2017,8,20,2342,1775,112,1663,567,173,394
2017,8,21,6052,4122,204,3918,1930,1003,927
2017,8,22,10447,7345,235,7110,3102,1732,1370
2017,8,23,23338,14536,607,13929,8802,6609,2193
2017,8,24,4706,2654,40,2614,2052,1184,868
2017,8,25,4044,3096,97,2999,948,415,533
2017,8,26,9085,6734,118,6616,2351,1044,1307
2017,8,27,33538,23392,909,22483,10146,5159,4987
2017,8,28,17066,12400,452,11948,4666,2291,2375
2017,8,29,3927,2861,130,2731,1066,511,555
2017,8,30,3278,2519,53,2466,759,335,424
2017,8,31,1745,1350,5,1345,395,57,338
2017,8,32,1560,1085,19,1066,475,141,334
2017,8,33,6516,4676,98,4578,1840,851,989
2017,8,34,10571,6799,202,6597,3772,1716,2056
2017,8,35,4145,3260,52,3208,885,361,524
2017,8,36,2283,1765,8,1757,518,172,346
2017,8,37,2953,2233,4,2229,720,369,351
2017,8,38,4168,3219,4,3215,949,518,431
2017,8,39,2346,1753,121,1632,593,150,443
2017,8,40,15998,11798,0,11798,4200,2125,2075
2017,8,41,2850,1831,19,1812,1019,621,398
2017,8,42,4729,3537,63,3474,1192,595,597
2017,8,43,6085,4468,103,4365,1617,829,788
2017,8,44,3727,2914,45,2869,813,338,475
2017,8,45,3377,2642,34,2608,735,212,523
2017,8,46,5181,4058,63,3995,1123,232,891
2017,8,47,4543,3435,46,3389,1108,533,575
2017,9,1,20371,16598,788,15810,3773,670,3103
2017,9,2,3482,2625,180,2445,857,278,579
2017,9,3,3429,2510,129,2381,919,400,519
2017,9,4,7065,4546,198,4348,2519,1966,553
2017,9,5,3025,2050,159,1891,975,305,670
2017,9,6,3415,2529,93,2436,886,507,379
2017,9,7,6393,4546,304,4242,1847,820,1027
2017,9,8,7805,5712,463,5249,2093,1065,1028
2017,9,9,6911,4698,787,3911,2213,1208,1005
2017,9,10,7435,4999,370,4629,2436,1731,705
2017,9,11,18181,13124,1111,12013,5057,3047,2010
2017,9,12,17880,12789,512,12277,5091,2950,2141
2017,9,13,43256,29314,1349,27965,13942,7625,6317
2017,9,14,23884,16658,869,15789,7226,4429,2797
2017,9,15,7396,4864,197,4667,2532,1261,1271
2017,9,16,2843,1938,83,1855,905,905,0
2017,9,17,6071,3790,28,3762,2281,1383,898
2017,9,18,2980,2009,137,1872,971,563,408
2017,9,19,3471,2172,183,1989,1299,769,530
2017,9,20,2487,1942,126,1816,545,154,391
2017,9,21,5819,4006,264,3742,1813,958,855
2017,9,22,10306,7223,313,6910,3083,1774,1309
2017,9,23,22757,14310,557,13753,8447,6018,2429
2017,9,24,4655,2659,49,2610,1996,1205,791
2017,9,25,3816,2940,107,2833,876,407,469
2017,9,26,8502,6233,108,6125,2269,1033,1236
2017,9,27,30434,20761,1120,19641,9673,4906,4767
2017,9,28,15905,11828,460,11368,4077,1800,2277
2017,9,29,3558,2520,126,2394,1038,502,536
2017,9,30,3265,2675,184,2491,590,223,367
2017,9,31,1741,1307,4,1303,434,86,348
2017,9,32,1531,1147,7,1140,384,74,310
2017,9,33,6107,4458,200,4258,1649,695,954
2017,9,34,9854,6191,134,6057,3663,1570,2093
2017,9,35,3895,3087,22,3065,808,295,513
2017,9,36,2041,1599,7,1592,442,104,338
2017,9,37,2738,2026,4,2022,712,383,329
2017,9,38,3707,2857,4,2853,850,422,428
2017,9,39,2315,1771,109,1662,544,98,446
2017,9,40,16043,11874,0,11874,4169,2066,2103
2017,9,41,2468,1525,17,1508,943,566,377
2017,9,42,4493,3277,65,3212,1216,618,598
2017,9,43,5772,4190,67,4123,1582,844,738
2017,9,44,3615,2810,29,2781,805,332,473
2017,9,45,3374,2661,36,2625,713,213,500
2017,9,46,4833,3656,55,3601,1177,281,896
2017,9,47,3958,2866,31,2835,1092,521,571
2017,10,1,20886,16914,924,15990,3972,689,3283
2017,10,2,3766,2843,269,2574,923,253,670
2017,10,3,3397,2506,90,2416,891,327,564
2017,10,4,7147,4700,307,4393,2447,1721,726
2017,10,5,2758,1910,143,1767,848,251,597
2017,10,6,3289,2424,105,2319,865,438,427
2017,10,7,6690,4989,248,4741,1701,680,1021
2017,10,8,7861,5738,531,5207,2123,1042,1081
2017,10,9,6523,4302,510,3792,2221,1150,1071
2017,10,10,6995,4716,475,4241,2279,1510,769
2017,10,11,18082,13350,1511,11839,4732,2555,2177
2017,10,12,18182,13280,556,12724,4902,2797,2105
2017,10,13,44212,30467,1726,28741,13745,7106,6639
2017,10,14,23935,17187,858,16329,6748,3871,2877
2017,10,15,7079,4549,153,4396,2530,1132,1398
2017,10,16,2809,1986,133,1853,823,823,0
2017,10,17,5869,3819,36,3783,2050,1180,870
2017,10,18,2976,2086,116,1970,890,469,421
2017,10,19,3224,2051,166,1885,1173,678,495
2017,10,20,2278,1841,119,1722,437,68,369
2017,10,21,5604,3912,300,3612,1692,808,884
2017,10,22,10413,7415,617,6798,2998,1704,1294
2017,10,23,21977,13996,708,13288,7981,5226,2755
2017,10,24,4679,2649,57,2592,2030,1184,846
2017,10,25,3530,2765,80,2685,765,359,406
2017,10,26,7937,6038,116,5922,1899,663,1236
2017,10,27,28283,20973,976,19997,7310,2368,4942
2017,10,28,15234,11652,463,11189,3582,1285,2297
2017,10,29,3695,2774,179,2595,921,360,561
2017,10,30,3091,2460,152,2308,631,231,400
2017,10,31,1760,1296,2,1294,464,78,386
2017,10,32,1649,1223,10,1213,426,68,358
2017,10,33,6099,4426,89,4337,1673,678,995
2017,10,34,9549,5767,160,5607,3782,1586,2196
2017,10,35,3947,3189,46,3143,758,192,566
2017,10,36,2153,1724,8,1716,429,70,359
2017,10,37,2998,2267,2,2265,731,369,362
2017,10,38,3560,2680,5,2675,880,413,467
2017,10,39,2133,1564,50,1514,569,127,442
2017,10,40,15673,11554,0,11554,4120,1942,2177
2017,10,41,2468,1492,8,1484,976,562,414
2017,10,42,4187,2987,70,2917,1200,558,642
2017,10,43,5949,4460,85,4375,1489,745,744
2017,10,44,3677,2860,55,2805,817,331,486
2017,10,45,3268,2535,30,2505,733,195,538
2017,10,46,5239,4087,67,4020,1152,229,923
2017,10,47,3875,2834,36,2798,1041,486,555
2017,11,1,20396,16468,758,15710,3928,699,3229
2017,11,2,3727,2874,222,2652,853,257,596
2017,11,3,3432,2595,135,2460,837,294,543
2017,11,4,7095,4832,306,4526,2263,1625,638
2017,11,5,2913,1992,85,1907,921,280,641
2017,11,6,3122,2403,104,2299,719,352,367
2017,11,7,6474,4908,230,4678,1566,569,997
2017,11,8,8030,5971,621,5350,2059,1055,1004
2017,11,9,6414,4280,380,3900,2134,1086,1048
2017,11,10,6730,4523,253,4270,2207,1420,787
2017,11,11,19607,14624,1605,13019,4983,3056,1927
2017,11,12,18265,13591,625,12966,4674,2738,1936
2017,11,13,46473,32529,1852,30677,13944,7331,6613
2017,11,14,24382,17850,873,16977,6532,3805,2727
2017,11,15,7062,4633,211,4422,2429,1069,1360
2017,11,16,2812,2056,142,1914,756,756,0
2017,11,17,5962,3984,48,3936,1978,1084,894
2017,11,18,3081,2153,108,2045,928,525,403
2017,11,19,3574,2398,189,2209,1176,722,454
2017,11,20,2278,1822,84,1738,456,126,330
2017,11,21,5544,3927,341,3586,1617,740,877
2017,11,22,10207,7447,547,6900,2760,1464,1296
2017,11,23,22478,14463,560,13903,8015,5376,2639
2017,11,24,4640,2685,50,2635,1955,1207,748
2017,11,25,3746,3096,64,3032,650,252,398
2017,11,26,8589,6733,109,6624,1856,622,1234
2017,11,27,29830,22997,1087,21910,6833,2283,4550
2017,11,28,16254,12823,572,12251,3431,1291,2140
2017,11,29,3794,3018,168,2850,776,279,497
2017,11,30,3490,2879,189,2690,611,229,382
2017,11,31,1811,1372,4,1368,439,84,355
2017,11,32,1551,1147,2,1145,404,76,328
2017,11,33,6058,4524,165,4359,1534,560,974
2017,11,34,9784,6190,160,6030,3594,1537,2057
2017,11,35,4202,3470,121,3349,732,242,490
2017,11,36,1997,1581,11,1570,416,82,334
2017,11,37,2705,2032,7,2025,673,327,346
2017,11,38,3849,3059,5,3054,790,360,430
2017,11,39,2210,1622,45,1577,588,169,419
2017,11,40,15932,12132,0,12132,3800,1702,2098
2017,11,41,2674,1831,10,1821,843,495,348
2017,11,42,4244,3172,57,3115,1072,439,633
2017,11,43,5761,4306,90,4216,1455,705,750
2017,11,44,3745,3007,59,2948,738,283,455
2017,11,45,3464,2756,24,2732,708,176,532
2017,11,46,5056,3988,64,3924,1068,211,857
2017,11,47,4352,3293,19,3274,1059,522,537
2017,12,1,22048,18045,1343,16702,4003,679,3324
2017,12,2,3810,2890,173,2717,920,241,679
2017,12,3,3934,2967,138,2829,967,322,645
2017,12,4,7642,5261,183,5078,2381,1571,810
2017,12,5,3080,2253,27,2226,827,157,670
2017,12,6,3228,2513,114,2399,715,308,407
2017,12,7,6742,5021,380,4641,1721,642,1079
2017,12,8,8310,6146,395,5751,2164,1113,1051
2017,12,9,7421,5283,1417,3866,2138,1107,1031
2017,12,10,7268,4938,455,4483,2330,1485,845
2017,12,11,19301,14864,2074,12790,4437,2517,1920
2017,12,12,19017,14423,581,13842,4594,2774,1820
2017,12,13,48194,34314,1526,32788,13880,7254,6626
2017,12,14,26472,19363,802,18561,7109,4066,3043
2017,12,15,7366,4865,189,4676,2501,1097,1404
2017,12,16,2968,2178,224,1954,790,790,0
2017,12,17,6088,4006,54,3952,2082,1109,973
2017,12,18,3233,2309,105,2204,924,478,446
2017,12,19,3680,2473,146,2327,1207,718,489
2017,12,20,2662,2126,101,2025,536,148,388
2017,12,21,5797,4151,211,3940,1646,770,876
2017,12,22,10591,7775,441,7334,2816,1431,1385
2017,12,23,23307,16185,735,15450,7122,4474,2648
2017,12,24,4726,2836,71,2765,1890,1130,760
2017,12,25,4132,3452,107,3345,680,240,440
2017,12,26,8715,6828,135,6693,1887,638,1249
2017,12,27,31454,24316,1048,23268,7138,2394,4744
2017,12,28,17054,13587,559,13028,3467,1265,2202
2017,12,29,4086,3267,206,3061,819,305,514
2017,12,30,3433,2821,212,2609,612,246,366
2017,12,31,2029,1557,8,1549,472,116,356
2017,12,32,1685,1230,0,1230,455,86,369
2017,12,33,6539,4967,166,4801,1572,570,1002
2017,12,34,10477,6960,171,6789,3517,1388,2129
2017,12,35,4589,3767,48,3719,822,310,512
2017,12,36,2157,1674,12,1662,483,119,364
2017,12,37,3130,2501,9,2492,629,293,336
2017,12,38,4162,3344,5,3339,818,403,415
2017,12,39,2241,1681,41,1640,560,167,393
2017,12,40,17110,13205,0,13205,3905,1662,2243
2017,12,41,2421,1608,14,1594,813,466,347
2017,12,42,4618,3483,63,3420,1135,474,661
2017,12,43,6222,4749,94,4655,1473,628,845
2017,12,44,4001,3268,74,3194,733,284,449
2017,12,45,3746,2975,34,2941,771,154,617
2017,12,46,5440,4421,148,4273,1019,190,829
2017,12,47,4604,3516,34,3482,1088,528,560
2018,1,1,21517,17457,833,16624,4060,702,3358
2018,1,2,3828,2987,84,2903,841,214,627
2018,1,3,3479,2690,161,2529,789,187,602
2018,1,4,7000,4743,260,4483,2257,1391,866
2018,1,5,2519,1896,23,1873,623,21,602
2018,1,6,3074,2444,100,2344,630,237,393
2018,1,7,6044,4472,208,4264,1572,531,1041
2018,1,8,7548,5542,243,5299,2006,1043,963
2018,1,9,6673,4507,663,3844,2166,1146,1020
2018,1,10,6972,4702,183,4519,2270,1482,788
2018,1,11,19914,15215,1400,13815,4699,2751,1948
2018,1,12,18922,14153,555,13598,4769,2915,1854
2018,1,13,45810,32028,1483,30545,13782,7408,6374
2018,1,14,25046,18371,976,17395,6675,3885,2790
2018,1,15,6474,4048,150,3898,2426,1080,1346
2018,1,16,2779,1902,106,1796,877,877,0
2018,1,17,6026,3936,51,3885,2090,1122,968
2018,1,18,3044,2149,225,1924,895,465,430
2018,1,19,3435,2281,171,2110,1154,662,492
2018,1,20,2365,1888,86,1802,477,125,352
2018,1,21,5811,4102,139,3963,1709,852,857
2018,1,22,10200,7337,301,7036,2863,1586,1277
2018,1,23,22040,14811,612,14199,7229,4581,2648
2018,1,24,4554,2681,62,2619,1873,1129,744
2018,1,25,4045,3344,101,3243,701,249,452
2018,1,26,8475,6598,162,6436,1877,670,1207
2018,1,27,30250,22635,882,21753,7615,2862,4753
2018,1,28,16613,12830,465,12365,3783,1606,2177
2018,1,29,3909,3008,115,2893,901,364,537
2018,1,30,3291,2537,66,2471,754,306,448
2018,1,31,1862,1413,11,1402,449,107,342
2018,1,32,1591,1161,3,1158,430,89,341
2018,1,33,6547,4855,163,4692,1692,657,1035
2018,1,34,10062,6426,161,6265,3636,1379,2257
2018,1,35,3802,3275,33,3242,527,180,347
2018,1,36,2117,1596,15,1581,521,148,373
2018,1,37,2969,2323,10,2313,646,313,333
2018,1,38,4106,3182,7,3175,924,452,472
2018,1,39,2356,1704,52,1652,652,190,462
2018,1,40,15966,12106,0,12106,3860,1806,2054
2018,1,41,2568,1687,19,1668,881,496,385
2018,1,42,4423,3281,70,3211,1142,440,702
2018,1,43,5746,4317,93,4224,1429,656,773
2018,1,44,3827,3075,75,3000,752,279,473
2018,1,45,3444,2749,30,2719,695,157,538
2018,1,46,5300,4156,55,4101,1144,210,934
2018,1,47,4395,3311,81,3230,1084,486,598
2018,2,1,18942,15261,840,14421,3681,612,3069
2018,2,2,3445,2639,117,2522,806,233,573
2018,2,3,3343,2562,149,2413,781,223,558
2018,2,4,6586,4763,161,4602,1823,920,903
2018,2,5,2298,1644,9,1635,654,56,598
2018,2,6,2746,2151,96,2055,595,246,349
2018,2,7,5869,4627,133,4494,1242,187,1055
2018,2,8,7137,5192,147,5045,1945,948,997
2018,2,9,6369,4372,362,4010,1997,979,1018
2018,2,10,6899,4641,219,4422,2258,1516,742
2018,2,11,18463,14165,1805,12360,4298,2485,1813
2018,2,12,17323,12935,589,12346,4388,2594,1794
2018,2,13,43613,30956,1731,29225,12657,6371,6286
2018,2,14,23675,17309,971,16338,6366,3615,2751
2018,2,15,6377,4110,151,3959,2267,1177,1090
2018,2,16,2428,1639,72,1567,789,789,0
2018,2,17,5764,3852,48,3804,1912,1029,883
2018,2,18,2765,1937,138,1799,828,403,425
2018,2,19,3147,2115,186,1929,1032,578,454
2018,2,20,1749,1338,64,1274,411,129,282
2018,2,21,5619,3940,239,3701,1679,841,838
2018,2,22,10242,7406,259,7147,2836,1546,1290
2018,2,23,21588,14642,698,13944,6946,4382,2564
2018,2,24,4432,2702,46,2656,1730,1009,721
2018,2,25,3674,3005,82,2923,669,223,446
2018,2,26,8375,6383,141,6242,1992,829,1163
2018,2,27,29522,22033,1158,20875,7489,3111,4378
2018,2,28,15803,12223,454,11769,3580,1563,2017
2018,2,29,3678,2833,165,2668,845,342,503
2018,2,30,3276,2622,94,2528,654,304,350
2018,2,31,1657,1260,13,1247,397,97,300
2018,2,32,1478,1104,4,1100,374,93,281
2018,2,33,5881,4252,117,4135,1629,670,959
2018,2,34,9836,6211,166,6045,3625,1489,2136
2018,2,35,3279,2978,72,2906,301,131,170
2018,2,36,2140,1641,21,1620,499,170,329
2018,2,37,2807,2179,10,2169,628,312,316
2018,2,38,4005,3101,6,3095,904,469,435
2018,2,39,2060,1476,48,1428,584,152,432
2018,2,40,16243,12700,0,12700,3543,1539,2004
2018,2,41,2550,1664,33,1631,886,495,391
2018,2,42,4261,3247,61,3186,1014,412,602
2018,2,43,6010,4660,89,4571,1350,589,761
2018,2,44,3876,3165,35,3130,711,260,451
2018,2,45,3500,2835,34,2801,665,179,486
2018,2,46,4934,3930,72,3858,1004,159,845
2018,2,47,4442,3477,100,3377,965,445,520
2018,3,1,21335,17337,1149,16188,3998,684,3314
2018,3,2,3566,2729,84,2645,837,236,601
2018,3,3,3549,2673,132,2541,876,273,603
2018,3,4,7108,5117,301,4816,1991,1144,847
2018,3,5,2702,1893,12,1881,809,252,557
2018,3,6,3142,2424,112,2312,718,358,360
2018,3,7,6144,4674,208,4466,1470,398,1072
2018,3,8,7846,5698,293,5405,2148,1046,1102
2018,3,9,6870,4596,672,3924,2274,1109,1165
2018,3,10,7232,4841,324,4517,2391,1553,838
2018,3,11,19208,14457,1598,12859,4751,2747,2004
2018,3,12,18519,13528,620,12908,4991,2972,2019
2018,3,13,46486,32734,1837,30897,13752,7014,6738
2018,3,14,24993,17845,832,17013,7148,4118,3030
2018,3,15,7489,4800,277,4523,2689,1430,1259
2018,3,16,2525,1696,77,1619,829,829,0
2018,3,17,6160,3937,91,3846,2223,1206,1017
2018,3,18,3101,2177,124,2053,924,500,424
2018,3,19,3682,2448,149,2299,1234,665,569
2018,3,20,2315,1869,89,1780,446,127,319
2018,3,21,5981,4246,209,4037,1735,913,822
2018,3,22,10463,7388,305,7083,3075,1688,1387
2018,3,23,23087,15342,741,14601,7745,5075,2670
2018,3,24,4519,2700,66,2634,1819,1168,651
2018,3,25,3894,3179,70,3109,715,258,457
2018,3,26,8660,6601,205,6396,2059,817,1242
2018,3,27,31403,22807,1124,21683,8596,3728,4868
2018,3,28,16534,12595,525,12070,3939,1752,2187
2018,3,29,4051,3079,197,2882,972,362,610
2018,3,30,3184,2484,63,2421,700,296,404
2018,3,31,1723,1245,4,1241,478,98,380
2018,3,32,1729,1290,5,1285,439,105,334
2018,3,33,6582,4813,73,4740,1769,726,1043
2018,3,34,10517,6824,164,6660,3693,1504,2189
2018,3,35,3466,3236,14,3222,230,99,131
2018,3,36,2201,1670,19,1651,531,148,383
2018,3,37,3186,2533,12,2521,653,307,346
2018,3,38,4065,3111,6,3105,954,479,475
2018,3,39,2491,1874,56,1818,617,158,459
2018,3,40,16602,12784,0,12784,3818,1930,1888
2018,3,41,2433,1547,30,1517,886,507,379
2018,3,42,4441,3282,73,3209,1159,510,649
2018,3,43,5886,4416,91,4325,1470,859,611
2018,3,44,3940,3192,42,3150,748,300,448
2018,3,45,3408,2742,38,2704,666,150,516
2018,3,46,5190,4101,66,4035,1089,223,866
2018,3,47,4299,3204,31,3173,1095,600,495
2018,4,1,20914,17024,977,16047,3890,740,3150
2018,4,2,3709,2904,93,2811,805,258,547
2018,4,3,3335,2542,126,2416,793,301,492
2018,4,4,7208,5232,212,5020,1976,1316,660
2018,4,5,2661,1920,88,1832,741,217,524
2018,4,6,2967,2276,89,2187,691,344,347
2018,4,7,6136,4496,145,4351,1640,625,1015
2018,4,8,7785,5663,116,5547,2122,1156,966
2018,4,9,6306,4277,256,4021,2029,1028,1001
2018,4,10,6598,4392,144,4248,2206,1347,859
2018,4,11,18815,14097,1295,12802,4718,2841,1877
2018,4,12,17936,13311,589,12722,4625,2776,1849
2018,4,13,44338,31126,1700,29426,13212,6874,6338
2018,4,14,24112,17173,962,16211,6939,4155,2784
2018,4,15,7182,4588,187,4401,2594,1393,1201
2018,4,16,2563,1710,55,1655,853,853,0
2018,4,17,5705,3656,52,3604,2049,1196,853
2018,4,18,3049,2151,117,2034,898,509,389
2018,4,19,3370,2233,146,2087,1137,578,559
2018,4,20,2341,1866,78,1788,475,138,337
2018,4,21,5051,3855,189,3666,1196,501,695
2018,4,22,10090,7444,308,7136,2646,1448,1198
2018,4,23,22013,14509,577,13932,7504,4688,2816
2018,4,24,4425,2636,48,2588,1789,1105,684
2018,4,25,4066,3335,104,3231,731,327,404
2018,4,26,8490,6315,142,6173,2175,973,1202
2018,4,27,31139,22664,1079,21585,8475,3935,4540
2018,4,28,16022,11922,472,11450,4100,1930,2170
2018,4,29,3462,2566,89,2477,896,319,577
2018,4,30,3415,2724,102,2622,691,323,368
2018,4,31,1722,1213,7,1206,509,126,383
2018,4,32,1586,1077,8,1069,509,145,364
2018,4,33,6430,4630,139,4491,1800,760,1040
2018,4,34,9847,6149,138,6011,3698,1641,2057
2018,4,35,4168,3637,50,3587,531,195,336
2018,4,36,2143,1634,21,1613,509,161,348
2018,4,37,2890,2217,8,2209,673,316,357
2018,4,38,4266,3263,4,3259,1003,557,446
2018,4,39,2254,1640,42,1598,614,219,395
2018,4,40,16173,12257,1,12256,3916,2094,1822
2018,4,41,2521,1588,15,1573,933,571,362
2018,4,42,4560,3423,64,3359,1137,504,633
2018,4,43,5859,4407,74,4333,1452,914,538
2018,4,44,3992,3246,51,3195,746,310,436
2018,4,45,3351,2682,17,2665,669,203,466
2018,4,46,5000,3892,53,3839,1108,250,858
2018,4,47,4290,3244,39,3205,1046,520,526
2018,5,1,20803,16861,705,16156,3942,748,3194
2018,5,2,3686,2815,69,2746,871,319,552
2018,5,3,3475,2544,93,2451,931,315,616
2018,5,4,7439,5220,402,4818,2219,1717,502
2018,5,5,2887,2042,74,1968,845,298,547
2018,5,6,3040,2315,93,2222,725,406,319
2018,5,7,6529,4704,194,4510,1825,825,1000
2018,5,8,8282,6001,140,5861,2281,1408,873
2018,5,9,6541,4276,300,3976,2265,1182,1083
2018,5,10,7017,4631,200,4431,2386,1469,917
2018,5,11,19216,14350,1286,13064,4866,2979,1887
2018,5,12,17739,12927,470,12457,4812,2973,1839
2018,5,13,44910,30855,1643,29212,14055,7715,6340
2018,5,14,24077,16891,933,15958,7186,4556,2630
2018,5,15,7281,4438,175,4263,2843,1609,1234
2018,5,16,2643,1760,32,1728,883,883,0
2018,5,17,6152,3967,42,3925,2185,1320,865
2018,5,18,3121,2193,141,2052,928,539,389
2018,5,19,3682,2433,154,2279,1249,708,541
2018,5,20,2425,1907,83,1824,518,157,361
2018,5,21,5050,3730,292,3438,1320,663,657
2018,5,22,10375,7445,297,7148,2930,1746,1184
2018,5,23,22591,14580,565,14015,8011,5317,2694
2018,5,24,4858,2913,27,2886,1945,1308,637
2018,5,25,4005,3238,74,3164,767,356,411
2018,5,26,8422,6160,131,6029,2262,1147,1115
2018,5,27,30898,21780,1039,20741,9118,4682,4436
2018,5,28,16962,12244,501,11743,4718,2546,2172
2018,5,29,3797,2802,92,2710,995,445,550
2018,5,30,3306,2500,94,2406,806,398,408
2018,5,31,1705,1214,5,1209,491,141,350
2018,5,32,1767,1276,6,1270,491,164,327
2018,5,33,6504,4583,122,4461,1921,926,995
2018,5,34,9853,5822,140,5682,4031,2001,2030
2018,5,35,3884,3333,37,3296,551,226,325
2018,5,36,2363,1804,18,1786,559,176,383
2018,5,37,2870,2199,8,2191,671,311,360
2018,5,38,4044,2954,2,2952,1090,649,441
2018,5,39,2212,1579,39,1540,633,246,387
2018,5,40,16627,12330,0,12330,4297,2557,1740
2018,5,41,2529,1539,18,1521,990,605,385
2018,5,42,4501,3257,77,3180,1244,605,639
2018,5,43,5772,4211,100,4111,1561,1013,548
2018,5,44,3854,3086,41,3045,768,318,450
2018,5,45,3305,2586,17,2569,719,213,506
2018,5,46,5118,3901,60,3841,1217,352,865
2018,5,47,4557,3456,39,3417,1101,569,532
2018,6,1,20406,16552,764,15788,3854,590,3264
2018,6,2,3522,2546,105,2441,976,392,584
2018,6,3,3319,2456,115,2341,863,348,515
2018,6,4,7487,5120,211,4909,2367,1773,594
2018,6,5,3204,2333,110,2223,871,301,570
2018,6,6,3239,2474,79,2395,765,403,362
2018,6,7,6422,4605,221,4384,1817,848,969
2018,6,8,8245,5993,161,5832,2252,1466,786
2018,6,9,6562,4269,346,3923,2293,1293,1000
2018,6,10,7012,4480,130,4350,2532,1621,911
2018,6,11,18304,13451,1046,12405,4853,2997,1856
2018,6,12,18082,13104,544,12560,4978,3154,1824
2018,6,13,44854,30724,1685,29039,14130,8097,6033
2018,6,14,25241,17670,1002,16668,7571,4870,2701
2018,6,15,7247,4420,163,4257,2827,1634,1193
2018,6,16,2508,1619,81,1538,889,889,0
2018,6,17,6146,3978,60,3918,2168,1357,811
2018,6,18,2904,1991,129,1862,913,543,370
2018,6,19,3528,2218,139,2079,1310,749,561
2018,6,20,2374,1870,74,1796,504,156,348
2018,6,21,5350,3897,215,3682,1453,709,744
2018,6,22,10034,7103,297,6806,2931,1753,1178
2018,6,23,22549,14494,661,13833,8055,5429,2626
2018,6,24,4568,2700,28,2672,1868,1226,642
2018,6,25,3939,3148,58,3090,791,403,388
2018,6,26,8240,5919,131,5788,2321,1106,1215
2018,6,27,29921,20916,996,19920,9005,4876,4129
2018,6,28,16915,12286,717,11569,4629,2516,2113
2018,6,29,3650,2643,78,2565,1007,528,479
2018,6,30,3376,2625,88,2537,751,357,394
2018,6,31,1927,1437,4,1433,490,128,362
2018,6,32,1710,1207,4,1203,503,184,319
2018,6,33,6527,4557,116,4441,1970,1033,937
2018,6,34,10290,6169,173,5996,4121,2154,1967
2018,6,35,4092,3470,43,3427,622,246,376
2018,6,36,2255,1702,12,1690,553,193,360
2018,6,37,2967,2295,5,2290,672,328,344
2018,6,38,4120,3048,4,3044,1072,653,419
2018,6,39,2220,1523,44,1479,697,253,444
2018,6,40,16695,12408,0,12408,4287,2620,1667
2018,6,41,2536,1532,14,1518,1004,615,389
2018,6,42,4636,3445,62,3383,1191,631,560
2018,6,43,5884,4262,91,4171,1622,958,664
2018,6,44,3697,2874,23,2851,823,424,399
2018,6,45,3374,2661,28,2633,713,233,480
2018,6,46,5022,3805,48,3757,1217,378,839
2018,6,47,4348,3169,29,3140,1179,580,599
2018,7,1,21407,17331,803,16528,4076,642,3434
2018,7,2,3767,2823,340,2483,944,378,566
2018,7,3,3555,2583,111,2472,972,450,522
2018,7,4,7373,4883,199,4684,2490,1878,612
2018,7,5,3082,2128,64,2064,954,312,642
2018,7,6,3149,2261,84,2177,888,490,398
2018,7,7,6542,4553,236,4317,1989,908,1081
2018,7,8,7976,5716,303,5413,2260,1534,726
2018,7,9,7145,4716,750,3966,2429,1346,1083
2018,7,10,6944,4319,195,4124,2625,1709,916
2018,7,11,18229,13301,1042,12259,4928,2978,1950
2018,7,12,18437,13335,641,12694,5102,3385,1717
2018,7,13,44912,30328,1630,28698,14584,8171,6413
2018,7,14,24811,16994,1005,15989,7817,4862,2955
2018,7,15,7405,4424,256,4168,2981,1803,1178
2018,7,16,2640,1684,81,1603,956,956,0
2018,7,17,5962,3691,86,3605,2271,1539,732
2018,7,18,2967,1994,136,1858,973,581,392
2018,7,19,3372,2112,109,2003,1260,733,527
2018,7,20,2212,1674,123,1551,538,178,360
2018,7,21,5184,3788,373,3415,1396,662,734
2018,7,22,10135,7176,499,6677,2959,1825,1134
2018,7,23,21784,13748,578,13170,8036,5437,2599
2018,7,24,4666,2666,47,2619,2000,1343,657
2018,7,25,3723,2914,71,2843,809,402,407
2018,7,26,8328,5824,172,5652,2504,1198,1306
2018,7,27,30688,21451,947,20504,9237,4793,4444
2018,7,28,16129,11399,468,10931,4730,2498,2232
2018,7,29,3694,2567,80,2487,1127,535,592
2018,7,30,3401,2606,163,2443,795,379,416
2018,7,31,1951,1410,4,1406,541,117,424
2018,7,32,1805,1242,2,1240,563,171,392
2018,7,33,5439,3634,125,3509,1805,882,923
2018,7,34,9082,5032,192,4840,4050,2067,1983
2018,7,35,3790,3147,22,3125,643,250,393
2018,7,36,2089,1540,11,1529,549,206,343
2018,7,37,2423,1782,8,1774,641,316,325
2018,7,38,3454,2392,3,2389,1062,566,496
2018,7,39,2044,1423,39,1384,621,248,373
2018,7,40,15526,11134,1,11133,4392,2572,1820
2018,7,41,2408,1366,26,1340,1042,649,393
2018,7,42,4186,3010,81,2929,1176,642,534
2018,7,43,5815,4201,107,4094,1614,888,726
2018,7,44,3580,2765,29,2736,815,433,382
2018,7,45,3108,2335,13,2322,773,228,545
2018,7,46,4922,3665,51,3614,1257,347,910
2018,7,47,4406,3273,43,3230,1133,616,517
2018,8,1,21736,17555,762,16793,4181,828,3353
2018,8,2,3950,2989,99,2890,961,350,611
2018,8,3,3754,2810,130,2680,944,484,460
2018,8,4,7369,5033,164,4869,2336,1781,555
2018,8,5,2913,2072,80,1992,841,279,562
2018,8,6,3440,2552,92,2460,888,501,387
2018,8,7,6726,4843,201,4642,1883,860,1023
2018,8,8,7819,5642,125,5517,2177,1493,684
2018,8,9,6840,4446,310,4136,2394,1362,1032
2018,8,10,7249,4684,140,4544,2565,1683,882
2018,8,11,19431,14513,918,13595,4918,3022,1896
2018,8,12,18493,13563,585,12978,4930,3385,1545
2018,8,13,47369,32666,1489,31177,14703,8217,6486
2018,8,14,26089,18194,865,17329,7895,4946,2949
2018,8,15,7627,4657,200,4457,2970,1756,1214
2018,8,16,2742,1825,66,1759,917,917,0
2018,8,17,6210,3879,87,3792,2331,1621,710
2018,8,18,3070,2106,84,2022,964,541,423
2018,8,19,3721,2375,131,2244,1346,773,573
2018,8,20,2399,1859,124,1735,540,185,355
2018,8,21,5389,3945,220,3725,1444,662,782
2018,8,22,10411,7344,241,7103,3067,2000,1067
2018,8,23,22937,14511,625,13886,8426,5794,2632
2018,8,24,4792,2778,46,2732,2014,1375,639
2018,8,25,4087,3258,95,3163,829,386,443
2018,8,26,9129,6669,142,6527,2460,1125,1335
2018,8,27,32446,23445,1074,22371,9001,4674,4327
2018,8,28,17218,12437,452,11985,4781,2591,2190
2018,8,29,4168,2958,94,2864,1210,565,645
2018,8,30,3465,2673,58,2615,792,368,424
2018,8,31,1930,1447,5,1442,483,116,367
2018,8,32,1689,1160,1,1159,529,184,345
2018,8,33,6912,4873,114,4759,2039,947,1092
2018,8,34,11077,7176,155,7021,3901,2045,1856
2018,8,35,4400,3761,39,3722,639,266,373
2018,8,36,2257,1691,21,1670,566,189,377
2018,8,37,2957,2223,7,2216,734,354,380
2018,8,38,4504,3375,8,3367,1129,647,482
2018,8,39,2404,1717,43,1674,687,265,422
2018,8,40,17085,12640,0,12640,4445,2750,1695
2018,8,41,2661,1612,28,1584,1049,639,410
2018,8,42,4593,3410,63,3347,1183,661,522
2018,8,43,6153,4525,110,4415,1628,937,691
2018,8,44,4020,3157,41,3116,863,520,343
2018,8,45,3392,2573,29,2544,819,254,565
2018,8,46,5211,3885,55,3830,1326,384,942
2018,8,47,4402,3300,42,3258,1102,526,576
2018,9,1,18625,14828,649,14179,3797,748,3049
2018,9,2,3611,2642,210,2432,969,373,596
2018,9,3,3338,2389,147,2242,949,476,473
2018,9,4,7284,4870,217,4653,2414,1850,564
2018,9,5,2848,2016,168,1848,832,271,561
2018,9,6,3314,2467,96,2371,847,496,351
2018,9,7,6001,4036,200,3836,1965,940,1025
2018,9,8,8188,5839,481,5358,2349,1521,828
2018,9,9,7100,4578,781,3797,2522,1496,1026
2018,9,10,7205,4694,408,4286,2511,1681,830
2018,9,11,17711,12937,1033,11904,4774,3037,1737
2018,9,12,17718,12749,593,12156,4969,3243,1726
2018,9,13,42224,27812,1285,26527,14412,7953,6459
2018,9,14,23836,15913,955,14958,7923,4937,2986
2018,9,15,7600,4578,177,4401,3022,1744,1278
2018,9,16,2523,1604,77,1527,919,919,0
2018,9,17,6043,3776,83,3693,2267,1671,596
2018,9,18,2906,1908,135,1773,998,576,422
2018,9,19,3336,2009,138,1871,1327,782,545
2018,9,20,2387,1879,123,1756,508,185,323
2018,9,21,4883,3477,209,3268,1406,724,682
2018,9,22,9900,6789,333,6456,3111,2014,1097
2018,9,23,21388,13524,479,13045,7864,5172,2692
2018,9,24,4453,2476,38,2438,1977,1338,639
2018,9,25,3661,2833,84,2749,828,387,441
2018,9,26,7883,5489,134,5355,2394,986,1408
2018,9,27,28164,19608,1171,18437,8556,4059,4497
2018,9,28,15358,10951,409,10542,4407,2254,2153
2018,9,29,3493,2449,92,2357,1044,461,583
2018,9,30,3071,2406,181,2225,665,301,364
2018,9,31,1739,1250,4,1246,489,124,365
2018,9,32,1641,1137,2,1135,504,159,345
2018,9,33,5933,4078,180,3898,1855,882,973
2018,9,34,10305,6229,128,6101,4076,2080,1996
2018,9,35,3704,3131,9,3122,573,216,357
2018,9,36,2108,1521,7,1514,587,234,353
2018,9,37,2628,1931,3,1928,697,341,356
2018,9,38,4142,3099,7,3092,1043,566,477
2018,9,39,2239,1571,36,1535,668,248,420
2018,9,40,15748,11151,0,11151,4597,2835,1762
2018,9,41,2496,1409,23,1386,1087,638,449
2018,9,42,4395,3149,75,3074,1246,716,530
2018,9,43,5725,4101,91,4010,1624,907,717
2018,9,44,3894,3022,29,2993,872,496,376
2018,9,45,3256,2480,17,2463,776,246,530
2018,9,46,5015,3720,52,3668,1295,398,897
2018,9,47,3864,2773,24,2749,1091,598,493
2018,10,1,20999,17178,966,16212,3821,804,3017
2018,10,2,3761,2821,309,2512,940,332,608
2018,10,3,3523,2617,138,2479,906,458,448
2018,10,4,7291,5039,301,4738,2252,1671,581
2018,10,5,2916,2129,98,2031,787,235,552
2018,10,6,3117,2329,100,2229,788,413,375
2018,10,7,6515,4733,242,4491,1782,775,1007
2018,10,8,8621,6277,595,5682,2344,1507,837
2018,10,9,6827,4494,641,3853,2333,1300,1033
2018,10,10,6977,4679,489,4190,2298,1504,794
2018,10,11,19080,14401,1210,13191,4679,3013,1666
2018,10,12,18422,13578,701,12877,4844,3012,1832
2018,10,13,46223,31761,1702,30059,14462,7794,6668
2018,10,14,25425,17805,825,16980,7620,4583,3037
2018,10,15,7091,4371,176,4195,2720,1608,1112
2018,10,16,2658,1781,76,1705,877,877,0
2018,10,17,6029,3898,44,3854,2131,1595,536
2018,10,18,3065,2119,143,1976,946,565,381
2018,10,19,3466,2267,119,2148,1199,657,542
2018,10,20,2492,1960,125,1835,532,154,378
2018,10,21,5479,4162,289,3873,1317,665,652
2018,10,22,10680,7708,616,7092,2972,1842,1130
2018,10,23,22846,15157,641,14516,7689,4867,2822
2018,10,24,4675,2892,40,2852,1783,1108,675
2018,10,25,3972,3155,97,3058,817,380,437
2018,10,26,8821,6484,121,6363,2337,1007,1330
2018,10,27,32246,23088,1083,22005,9158,4498,4660
2018,10,28,17307,12776,510,12266,4531,2481,2050
2018,10,29,3861,2779,114,2665,1082,483,599
2018,10,30,3715,2933,189,2744,782,361,421
2018,10,31,1801,1325,13,1312,476,122,354
2018,10,32,1701,1179,1,1178,522,193,329
2018,10,33,6436,4544,168,4376,1892,916,976
2018,10,34,10054,6126,144,5982,3928,2030,1898
2018,10,35,4092,3507,45,3462,585,229,356
2018,10,36,2345,1769,9,1760,576,211,365
2018,10,37,2891,2147,6,2141,744,359,385
2018,10,38,4344,3292,8,3284,1052,587,465
2018,10,39,2457,1768,37,1731,689,259,430
2018,10,40,16819,12512,2,12510,4307,2409,1898
2018,10,41,2533,1583,21,1562,950,550,400
2018,10,42,4423,3273,84,3189,1150,667,483
2018,10,43,6219,4607,75,4532,1612,820,792
2018,10,44,3758,2945,51,2894,813,432,381
2018,10,45,3202,2490,20,2470,712,213,499
2018,10,46,5285,4038,66,3972,1247,382,865
2018,10,47,4316,3154,34,3120,1162,560,602
2018,11,1,20266,16458,749,15709,3808,710,3098
2018,11,2,3820,2944,165,2779,876,303,573
2018,11,3,3384,2519,151,2368,865,445,420
2018,11,4,7062,4827,198,4629,2235,1627,608
2018,11,5,2933,2151,153,1998,782,260,522
2018,11,6,3198,2417,73,2344,781,381,400
2018,11,7,6259,4538,223,4315,1721,800,921
2018,11,8,8333,6065,638,5427,2268,1500,768
2018,11,9,6560,4364,358,4006,2196,1428,768
2018,11,10,7095,4557,333,4224,2538,1756,782
2018,11,11,19036,14253,1206,13047,4783,3241,1542
2018,11,12,18121,13428,771,12657,4693,3025,1668
2018,11,13,45324,31044,1641,29403,14280,7978,6302
2018,11,14,24873,17452,858,16594,7421,4639,2782
2018,11,15,7225,4549,172,4377,2676,1671,1005
2018,11,16,3008,2130,177,1953,878,878,0
2018,11,17,5969,3887,62,3825,2082,1484,598
2018,11,18,3182,2234,135,2099,948,538,410
2018,11,19,3641,2382,209,2173,1259,717,542
2018,11,20,2434,1917,86,1831,517,165,352
2018,11,21,5322,3972,347,3625,1350,762,588
2018,11,22,10438,7512,566,6946,2926,1859,1067
2018,11,23,22913,14900,657,14243,8013,5327,2686
2018,11,24,4846,3061,40,3021,1785,1178,607
2018,11,25,4196,3377,78,3299,819,372,447
2018,11,26,8494,6297,135,6162,2197,907,1290
2018,11,27,30917,22527,1001,21526,8390,4018,4372
2018,11,28,16875,12667,612,12055,4208,2278,1930
2018,11,29,3750,2777,94,2683,973,417,556
2018,11,30,3549,2848,262,2586,701,315,386
2018,11,31,1788,1323,8,1315,465,118,347
2018,11,32,1581,1135,1,1134,446,143,303
2018,11,33,6379,4591,180,4411,1788,854,934
2018,11,34,10092,6279,123,6156,3813,1750,2063
2018,11,35,3997,3425,96,3329,572,212,360
2018,11,36,2244,1684,7,1677,560,203,357
2018,11,37,2856,2180,3,2177,676,321,355
2018,11,38,4339,3351,7,3344,988,537,451
2018,11,39,2300,1646,32,1614,654,228,426
2018,11,40,16392,12152,0,12152,4240,2523,1717
2018,11,41,2500,1570,25,1545,930,544,386
2018,11,42,4417,3307,67,3240,1110,594,516
2018,11,43,5895,4402,86,4316,1493,755,738
2018,11,44,3810,3014,38,2976,796,449,347
2018,11,45,3163,2465,16,2449,698,212,486
2018,11,46,5193,4088,50,4038,1105,379,726
2018,11,47,4528,3465,38,3427,1063,558,505
2018,12,1,21684,17755,1212,16543,3929,821,3108
2018,12,2,3910,2949,210,2739,961,474,487
2018,12,3,3954,2922,157,2765,1032,616,416
2018,12,4,7467,5148,218,4930,2319,1629,690
2018,12,5,3154,2214,34,2180,940,417,523
2018,12,6,3237,2389,92,2297,848,466,382
2018,12,7,6744,4767,243,4524,1977,1099,878
2018,12,8,8017,5671,325,5346,2346,1546,800
2018,12,9,7101,4821,1376,3445,2280,1558,722
2018,12,10,7274,4941,538,4403,2333,1630,703
2018,12,11,19209,14751,1601,13150,4458,2921,1537
2018,12,12,18682,13930,576,13354,4752,2883,1869
2018,12,13,46640,32008,1344,30664,14632,8095,6537
2018,12,14,26725,18933,754,18179,7792,4759,3033
2018,12,15,7910,5023,273,4750,2887,1858,1029
2018,12,16,2995,2075,188,1887,920,920,0
2018,12,17,6068,3895,56,3839,2173,1600,573
2018,12,18,3251,2257,97,2160,994,552,442
2018,12,19,3601,2373,122,2251,1228,648,580
2018,12,20,2520,1974,90,1884,546,167,379
2018,12,21,5269,3888,209,3679,1381,751,630
2018,12,22,10638,7601,410,7191,3037,1831,1206
2018,12,23,22406,15076,691,14385,7330,4534,2796
2018,12,24,4716,3048,34,3014,1668,1036,632
2018,12,25,4318,3514,157,3357,804,351,453
2018,12,26,9106,6678,131,6547,2428,997,1431
2018,12,27,32460,24265,1062,23203,8195,3676,4519
2018,12,28,17281,13234,543,12691,4047,2067,1980
2018,12,29,4199,3236,149,3087,963,372,591
2018,12,30,3573,2817,212,2605,756,348,408
2018,12,31,1903,1444,5,1439,459,145,314
2018,12,32,1606,1080,1,1079,526,184,342
2018,12,33,6362,4641,165,4476,1721,775,946
2018,12,34,10318,6351,157,6194,3967,1816,2151
2018,12,35,4336,3719,43,3676,617,239,378
2018,12,36,2235,1652,6,1646,583,222,361
2018,12,37,3082,2397,5,2392,685,315,370
2018,12,38,4361,3316,10,3306,1045,583,462
2018,12,39,2200,1570,28,1542,630,236,394
2018,12,40,17276,12844,1,12843,4432,2534,1898
2018,12,41,2396,1464,22,1442,932,538,394
2018,12,42,4624,3441,71,3370,1183,664,519
2018,12,43,6210,4547,105,4442,1663,883,780
2018,12,44,3933,3082,51,3031,851,465,386
2018,12,45,3512,2671,21,2650,841,329,512
2018,12,46,5250,4077,97,3980,1173,385,788
2018,12,47,4668,3425,56,3369,1243,635,608
2019,1,1,20610,16786,732,16054,3824,893,2931
2019,1,2,3702,2783,80,2703,919,535,384
2019,1,3,3467,2463,127,2336,1004,619,385
2019,1,4,7155,4912,246,4666,2243,1595,648
2019,1,5,2918,2067,54,2013,851,455,396
2019,1,6,3087,2208,91,2117,879,494,385
2019,1,7,6317,4394,168,4226,1923,1058,865
2019,1,8,7796,5618,222,5396,2178,1409,769
2019,1,9,6748,4375,683,3692,2373,1580,793
2019,1,10,7115,4760,144,4616,2355,1685,670
2019,1,11,18220,13730,755,12975,4490,2927,1563
2019,1,12,18553,13792,510,13282,4761,2992,1769
2019,1,13,45560,31112,1365,29747,14448,8345,6103
2019,1,14,25316,18187,918,17269,7129,4363,2766
2019,1,15,7312,4377,187,4190,2935,1922,1013
2019,1,16,2872,1872,94,1778,1000,1000,0
2019,1,17,5840,3676,45,3631,2164,1455,709
2019,1,18,3278,2260,265,1995,1018,544,474
2019,1,19,3490,2257,187,2070,1233,654,579
2019,1,20,2323,1781,53,1728,542,205,337
2019,1,21,5000,3659,132,3527,1341,749,592
2019,1,22,10270,7303,334,6969,2967,1856,1111
2019,1,23,22350,14921,610,14311,7429,4764,2665
2019,1,24,4668,2780,24,2756,1888,1207,681
2019,1,25,4141,3351,115,3236,790,341,449
2019,1,26,8615,6399,131,6268,2216,951,1265
2019,1,27,30768,22345,817,21528,8423,4094,4329
2019,1,28,16890,12737,470,12267,4153,2254,1899
2019,1,29,3833,2719,84,2635,1114,503,611
2019,1,30,3557,2769,75,2694,788,351,437
2019,1,31,1716,1227,8,1219,489,153,336
2019,1,32,1713,1225,3,1222,488,183,305
2019,1,33,6568,4765,147,4618,1803,846,957
2019,1,34,10386,6435,124,6311,3951,1802,2149
2019,1,35,3809,3260,31,3229,549,228,321
2019,1,36,2311,1694,10,1684,617,222,395
2019,1,37,2820,2128,3,2125,692,336,356
2019,1,38,4406,3335,9,3326,1071,576,495
2019,1,39,2143,1505,28,1477,638,262,376
2019,1,40,16445,12173,0,12173,4172,2580,1692
2019,1,41,2460,1500,19,1481,960,541,419
2019,1,42,4368,3277,62,3215,1091,626,465
2019,1,43,5876,4304,102,4202,1572,898,674
2019,1,44,3852,3023,40,2983,829,462,367
2019,1,45,3352,2572,20,2552,780,287,493
2019,1,46,5289,3921,62,3859,1368,442,926
2019,1,47,4612,3465,100,3365,1147,597,550
2019,2,1,19898,16258,767,15491,3640,769,2871
2019,2,2,3701,2835,138,2697,866,538,328
2019,2,3,3665,2676,177,2499,989,611,378
2019,2,4,7352,5054,177,4877,2298,1661,637
2019,2,5,2805,1939,55,1884,866,465,401
2019,2,6,3156,2313,96,2217,843,501,342
2019,2,7,6370,4428,103,4325,1942,1072,870
2019,2,8,7747,5543,133,5410,2204,1423,781
2019,2,9,6785,4430,421,4009,2355,1652,703
2019,2,10,7204,4824,129,4695,2380,1770,610
2019,2,11,17984,13651,1282,12369,4333,2891,1442
2019,2,12,17562,12936,539,12397,4626,2974,1652
2019,2,13,45109,31440,1369,30071,13669,7785,5884
2019,2,14,25475,18215,936,17279,7260,4348,2912
2019,2,15,7468,4589,238,4351,2879,1834,1045
2019,2,16,2820,1859,63,1796,961,961,0
2019,2,17,6137,3932,77,3855,2205,1534,671
2019,2,18,3241,2198,133,2065,1043,633,410
2019,2,19,3695,2439,167,2272,1256,701,555
2019,2,20,2547,1993,66,1927,554,216,338
2019,2,21,5271,3794,210,3584,1477,933,544
2019,2,22,10154,7180,256,6924,2974,1958,1016
2019,2,23,22073,14489,704,13785,7584,5164,2420
2019,2,24,4726,2877,49,2828,1849,1192,657
2019,2,25,3865,3072,121,2951,793,376,417
2019,2,26,8893,6568,147,6421,2325,1038,1287
2019,2,27,30416,22203,1094,21109,8213,4178,4035
2019,2,28,16577,12316,474,11842,4261,2383,1878
2019,2,29,3883,2783,106,2677,1100,520,580
2019,2,30,3298,2530,83,2447,768,351,417
2019,2,31,1743,1271,6,1265,472,208,264
2019,2,32,1673,1191,8,1183,482,176,306
2019,2,33,6346,4629,128,4501,1717,844,873
2019,2,34,10147,6311,120,6191,3836,1891,1945
2019,2,35,3774,3205,55,3150,569,276,293
2019,2,36,2242,1677,8,1669,565,229,336
2019,2,37,3003,2340,8,2332,663,331,332
2019,2,38,3956,2944,6,2938,1012,595,417
2019,2,39,2245,1577,41,1536,668,265,403
2019,2,40,16860,12607,0,12607,4253,2559,1694
2019,2,41,2515,1529,25,1504,986,587,399
2019,2,42,4215,3136,74,3062,1079,622,457
2019,2,43,6174,4543,117,4426,1631,1047,584
2019,2,44,3789,2936,35,2901,853,544,309
2019,2,45,3470,2697,23,2674,773,352,421
2019,2,46,5184,3935,63,3872,1249,444,805
2019,2,47,4672,3560,94,3466,1112,605,507
2019,3,1,21156,17138,905,16233,4018,925,3093
2019,3,2,3825,2822,119,2703,1003,609,394
2019,3,3,3594,2620,157,2463,974,631,343
2019,3,4,7148,4647,220,4427,2501,1754,747
2019,3,5,2922,1998,37,1961,924,447,477
2019,3,6,3301,2415,126,2289,886,515,371
2019,3,7,6386,4366,144,4222,2020,1120,900
2019,3,8,8315,5776,257,5519,2539,1686,853
2019,3,9,7506,4937,802,4135,2569,1722,847
2019,3,10,7705,5056,307,4749,2649,1932,717
2019,3,11,19557,14701,1064,13637,4856,3192,1664
2019,3,12,18517,13120,567,12553,5397,3634,1763
2019,3,13,47330,32094,1523,30571,15236,8652,6584
2019,3,14,26640,18496,756,17740,8144,4906,3238
2019,3,15,7694,4724,324,4400,2970,1926,1044
2019,3,16,2626,1628,51,1577,998,998,0
2019,3,17,6415,3981,93,3888,2434,1759,675
2019,3,18,3318,2196,123,2073,1122,646,476
2019,3,19,3638,2296,163,2133,1342,803,539
2019,3,20,2456,1865,48,1817,591,254,337
2019,3,21,5633,4072,197,3875,1561,1000,561
2019,3,22,10540,7356,262,7094,3184,2097,1087
2019,3,23,24961,15746,795,14951,9215,6341,2874
2019,3,24,4965,2975,66,2909,1990,1341,649
2019,3,25,3812,2944,132,2812,868,383,485
2019,3,26,9132,6639,155,6484,2493,1163,1330
2019,3,27,30763,21950,1023,20927,8813,4370,4443
2019,3,28,17084,12491,476,12015,4593,2640,1953
2019,3,29,3881,2755,158,2597,1126,539,587
2019,3,30,3481,2717,115,2602,764,345,419
2019,3,31,1811,1236,14,1222,575,345,230
2019,3,32,1651,1133,4,1129,518,176,342
2019,3,33,6293,4373,118,4255,1920,958,962
2019,3,34,10555,6260,141,6119,4295,1984,2311
2019,3,35,4045,3462,24,3438,583,236,347
2019,3,36,2315,1658,6,1652,657,326,331
2019,3,37,3066,2335,13,2322,731,362,369
2019,3,38,4092,2998,1,2997,1094,605,489
2019,3,39,2214,1571,49,1522,643,351,292
2019,3,40,16487,11766,1,11765,4721,2903,1818
2019,3,41,2623,1590,19,1571,1033,606,427
2019,3,42,4431,3166,76,3090,1265,832,433
2019,3,43,6183,4517,126,4391,1666,1091,575
2019,3,44,3926,2937,43,2894,989,681,308
2019,3,45,3444,2561,19,2542,883,361,522
2019,3,46,5351,3943,56,3887,1408,523,885
2019,3,47,4175,2985,46,2939,1190,652,538
2019,4,1,19514,15659,743,14916,3855,897,2958
2019,4,2,3604,2565,116,2449,1039,585,454
2019,4,3,3211,2337,137,2200,874,520,354
2019,4,4,6724,4517,175,4342,2207,1365,842
2019,4,5,2947,2038,71,1967,909,469,440
2019,4,6,2771,1992,93,1899,779,430,349
2019,4,7,6001,4184,91,4093,1817,949,868
2019,4,8,7555,5327,96,5231,2228,1420,808
2019,4,9,6406,4220,240,3980,2186,1469,717
2019,4,10,6218,3995,145,3850,2223,1503,720
2019,4,11,17384,12749,720,12029,4635,2772,1863
2019,4,12,17515,12254,642,11612,5261,3391,1870
2019,4,13,43281,28837,1488,27349,14444,7935,6509
2019,4,14,24046,16169,883,15286,7877,4730,3147
2019,4,15,6915,4157,200,3957,2758,1819,939
2019,4,16,2547,1630,54,1576,917,917,0
2019,4,17,5460,3270,69,3201,2190,1560,630
2019,4,18,2744,1826,94,1732,918,473,445
2019,4,19,3357,2179,111,2068,1178,569,609
2019,4,20,2216,1638,62,1576,578,255,323
2019,4,21,5267,3792,187,3605,1475,910,565
2019,4,22,9907,6967,232,6735,2940,1871,1069
2019,4,23,22494,14042,588,13454,8452,5557,2895
2019,4,24,4474,2674,47,2627,1800,1165,635
2019,4,25,4023,3248,99,3149,775,355,420
2019,4,26,8364,5811,95,5716,2553,1453,1100
2019,4,27,30381,21917,1128,20789,8464,4025,4439
2019,4,28,16037,11760,408,11352,4277,2128,2149
2019,4,29,3525,2480,95,2385,1045,554,491
2019,4,30,3346,2617,192,2425,729,335,394
2019,4,31,1741,1204,5,1199,537,352,185
2019,4,32,1577,1060,3,1057,517,186,331
2019,4,33,6041,4296,115,4181,1745,806,939
2019,4,34,9775,5692,116,5576,4083,1644,2439
2019,4,35,4027,3504,55,3449,523,190,333
2019,4,36,2216,1642,6,1636,574,268,306
2019,4,37,2537,1867,8,1859,670,322,348
2019,4,38,4050,2974,4,2970,1076,599,477
2019,4,39,2054,1411,27,1384,643,424,219
2019,4,40,16071,11674,5,11669,4397,2591,1806
2019,4,41,2272,1316,29,1287,956,549,407
2019,4,42,4062,2939,67,2872,1123,684,439
2019,4,43,5813,4235,111,4124,1578,1040,538
2019,4,44,3724,2852,101,2751,872,575,297
2019,4,45,2807,2106,9,2097,701,270,431
2019,4,46,4641,3317,21,3296,1324,529,795
2019,4,47,4088,2966,43,2923,1122,676,446
2019,5,1,20767,16653,674,15979,4114,1210,2904
2019,5,2,3929,2859,96,2763,1070,645,425
2019,5,3,3621,2660,183,2477,961,670,291
2019,5,4,7632,5347,403,4944,2285,1546,739
2019,5,5,3270,2343,98,2245,927,530,397
2019,5,6,3152,2280,97,2183,872,487,385
2019,5,7,6188,4314,166,4148,1874,1026,848
2019,5,8,8105,5769,132,5637,2336,1520,816
2019,5,9,6860,4536,248,4288,2324,1621,703
2019,5,10,7276,4804,201,4603,2472,1784,688
2019,5,11,18536,13546,716,12830,4990,3117,1873
2019,5,12,18602,13445,486,12959,5157,3559,1598
2019,5,13,46407,31184,1447,29737,15223,9076,6147
2019,5,14,26320,18020,815,17205,8300,5489,2811
2019,5,15,7732,4721,206,4515,3011,1990,1021
2019,5,16,2675,1716,17,1699,959,959,0
2019,5,17,5991,3714,55,3659,2277,1636,641
2019,5,18,2975,2035,118,1917,940,480,460
2019,5,19,3407,2141,136,2005,1266,687,579
2019,5,20,2476,1887,102,1785,589,256,333
2019,5,21,5561,3979,287,3692,1582,1024,558
2019,5,22,10405,7330,278,7052,3075,1951,1124
2019,5,23,23502,14877,581,14296,8625,5978,2647
2019,5,24,4978,2955,35,2920,2023,1338,685
2019,5,25,4240,3391,75,3316,849,453,396
2019,5,26,8816,6242,100,6142,2574,1636,938
2019,5,27,31793,22591,1067,21524,9202,4801,4401
2019,5,28,16979,12232,417,11815,4747,2613,2134
2019,5,29,3840,2786,94,2692,1054,636,418
2019,5,30,3523,2759,88,2671,764,342,422
2019,5,31,1799,1219,6,1213,580,364,216
2019,5,32,1615,1105,2,1103,510,194,316
2019,5,33,6547,4596,116,4480,1951,914,1037
2019,5,34,10670,6720,136,6584,3950,1664,2286
2019,5,35,4088,3558,69,3489,530,198,332
2019,5,36,2538,1930,11,1919,608,323,285
2019,5,37,2875,2196,5,2191,679,328,351
2019,5,38,4289,3268,6,3262,1021,603,418
2019,5,39,2190,1580,26,1554,610,412,198
2019,5,40,17436,12792,4,12788,4644,2819,1825
2019,5,41,2574,1561,89,1472,1013,619,394
2019,5,42,4389,3205,75,3130,1184,760,424
2019,5,43,5841,4106,111,3995,1735,1303,432
2019,5,44,4255,3335,149,3186,920,623,297
2019,5,45,3210,2448,21,2427,762,333,429
2019,5,46,5262,3959,23,3936,1303,566,737
2019,5,47,4354,3165,60,3105,1189,751,438
2019,6,1,21779,17647,952,16695,4132,1130,3002
2019,6,2,4163,3053,131,2922,1110,631,479
2019,6,3,3772,2795,173,2622,977,565,412
2019,6,4,7989,5508,232,5276,2481,1685,796
2019,6,5,3286,2334,106,2228,952,574,378
2019,6,6,3447,2565,84,2481,882,529,353
2019,6,7,6605,4517,206,4311,2088,1202,886
2019,6,8,8816,6385,168,6217,2431,1661,770
2019,6,9,6897,4416,328,4088,2481,1746,735
2019,6,10,7192,4583,145,4438,2609,1930,679
2019,6,11,18360,13497,750,12747,4863,2992,1871
2019,6,12,18537,13173,510,12663,5364,3809,1555
2019,6,13,45817,30552,1476,29076,15265,8811,6454
2019,6,14,26973,17796,769,17027,9177,5980,3197
2019,6,15,7769,4612,156,4456,3157,2164,993
2019,6,16,2601,1627,55,1572,974,974,0
2019,6,17,6289,3871,54,3817,2418,1838,580
2019,6,18,3020,1990,94,1896,1030,563,467
2019,6,19,3620,2266,126,2140,1354,724,630
2019,6,20,2430,1815,67,1748,615,265,350
2019,6,21,5468,3808,198,3610,1660,1124,536
2019,6,22,10461,7225,358,6867,3236,2001,1235
2019,6,23,23495,14439,645,13794,9056,6290,2766
2019,6,24,4787,2825,27,2798,1962,1205,757
2019,6,25,3927,3098,53,3045,829,438,391
2019,6,26,8871,6114,100,6014,2757,1649,1108
2019,6,27,31396,21533,1136,20397,9863,5086,4777
2019,6,28,16891,12058,527,11531,4833,2678,2155
2019,6,29,3917,2730,82,2648,1187,707,480
2019,6,30,3350,2665,135,2530,685,308,377
2019,6,31,2074,1452,12,1440,622,428,194
2019,6,32,1660,1046,1,1045,614,225,389
2019,6,33,6482,4417,97,4320,2065,1125,940
2019,6,34,10409,6055,138,5917,4354,2146,2208
2019,6,35,4100,3494,38,3456,606,245,361
2019,6,36,2228,1550,6,1544,678,389,289
2019,6,37,3114,2357,1,2356,757,423,334
2019,6,38,4300,3214,4,3210,1086,695,391
2019,6,39,2207,1516,35,1481,691,473,218
2019,6,40,17121,12197,1,12196,4924,2811,2113
2019,6,41,2658,1560,47,1513,1098,643,455
2019,6,42,4673,3441,83,3358,1232,780,452
2019,6,43,6137,4383,112,4271,1754,1230,524
2019,6,44,4000,3031,89,2942,969,628,341
2019,6,45,3384,2585,10,2575,799,424,375
2019,6,46,5186,3738,19,3719,1448,634,814
2019,6,47,4371,3095,44,3051,1276,822,454
2019,7,1,21248,17030,748,16282,4218,1223,2995
2019,7,2,3959,2935,308,2627,1024,576,448
2019,7,3,3622,2702,164,2538,920,567,353
2019,7,4,7744,5149,203,4946,2595,1760,835
2019,7,5,3279,2253,99,2154,1026,600,426
2019,7,6,3260,2368,94,2274,892,526,366
2019,7,7,6501,4499,213,4286,2002,1133,869
2019,7,8,7894,5530,223,5307,2364,1541,823
2019,7,9,7053,4622,725,3897,2431,1703,728
2019,7,10,7032,4377,226,4151,2655,1981,674
2019,7,11,18659,13570,993,12577,5089,3090,1999
2019,7,12,18542,12943,719,12224,5599,3855,1744
2019,7,13,47299,31592,1552,30040,15707,8768,6939
2019,7,14,26262,17131,738,16393,9131,5607,3524
2019,7,15,7677,4424,252,4172,3253,2174,1079
2019,7,16,2660,1680,87,1593,980,980,0
2019,7,17,6201,3776,64,3712,2425,1844,581
2019,7,18,3070,2056,147,1909,1014,479,535
2019,7,19,3789,2541,141,2400,1248,683,565
2019,7,20,2490,1839,125,1714,651,249,402
2019,7,21,5578,3952,412,3540,1626,1059,567
2019,7,22,10357,7186,474,6712,3171,1884,1287
2019,7,23,23084,14307,626,13681,8777,5926,2851
2019,7,24,4772,2817,51,2766,1955,1090,865
2019,7,25,4005,3132,103,3029,873,468,405
2019,7,26,9077,6134,90,6044,2943,1796,1147
2019,7,27,32478,21954,986,20968,10524,5683,4841
2019,7,28,17932,12710,492,12218,5222,3182,2040
2019,7,29,4028,2819,123,2696,1209,745,464
2019,7,30,3745,2894,198,2696,851,399,452
2019,7,31,1989,1398,6,1392,591,410,181
2019,7,32,1776,1192,2,1190,584,246,338
2019,7,33,6455,4459,122,4337,1996,1092,904
2019,7,34,10457,6206,148,6058,4251,2075,2176
2019,7,35,4063,3356,37,3319,707,320,387
2019,7,36,2311,1607,6,1601,704,389,315
2019,7,37,3025,2222,7,2215,803,498,305
2019,7,38,4170,2994,4,2990,1176,710,466
2019,7,39,2227,1548,33,1515,679,460,219
2019,7,40,17030,12216,9,12207,4814,2680,2134
2019,7,41,2545,1484,43,1441,1061,620,441
2019,7,42,4459,3271,69,3202,1188,796,392
2019,7,43,6042,4336,126,4210,1706,1157,549
2019,7,44,4016,3038,82,2956,978,617,361
2019,7,45,3148,2404,10,2394,744,419,325
2019,7,46,5117,3691,20,3671,1426,713,713
2019,7,47,4704,3496,53,3443,1208,750,458
2019,8,1,22179,17955,1056,16899,4224,1227,2997
2019,8,2,4077,2976,119,2857,1101,650,451
2019,8,3,3725,2748,139,2609,977,586,391
2019,8,4,7686,5169,184,4985,2517,1842,675
2019,8,5,3189,2194,62,2132,995,574,421
2019,8,6,3488,2563,101,2462,925,560,365
2019,8,7,6598,4498,185,4313,2100,1275,825
2019,8,8,8141,5651,117,5534,2490,1741,749
2019,8,9,6880,4376,303,4073,2504,1887,617
2019,8,10,7534,4778,128,4650,2756,2104,652
2019,8,11,19994,14647,833,13814,5347,3378,1969
2019,8,12,19345,13454,511,12943,5891,4197,1694
2019,8,13,48988,32875,1354,31521,16113,9978,6135
2019,8,14,26952,17623,646,16977,9329,5848,3481
2019,8,15,8010,4605,229,4376,3405,2324,1081
2019,8,16,2991,1982,61,1921,1009,1009,0
2019,8,17,6244,3793,71,3722,2451,1917,534
2019,8,18,3110,2102,60,2042,1008,549,459
2019,8,19,3676,2342,167,2175,1334,730,604
2019,8,20,2676,1956,173,1783,720,317,403
2019,8,21,5653,3985,171,3814,1668,1078,590
2019,8,22,10700,7321,207,7114,3379,2207,1172
2019,8,23,24281,14890,627,14263,9391,6402,2989
2019,8,24,4882,2959,39,2920,1923,1173,750
2019,8,25,4146,3228,75,3153,918,524,394
2019,8,26,9318,6301,97,6204,3017,1817,1200
2019,8,27,32976,22038,958,21080,10938,6451,4487
2019,8,28,16756,11661,385,11276,5095,3064,2031
2019,8,29,4182,2777,91,2686,1405,909,496
2019,8,30,3414,2574,89,2485,840,429,411
2019,8,31,1797,1177,12,1165,620,428,192
2019,8,32,1686,1114,1,1113,572,265,307
2019,8,33,6586,4543,56,4487,2043,1179,864
2019,8,34,10895,6824,160,6664,4071,2008,2063
2019,8,35,4369,3713,42,3671,656,317,339
2019,8,36,2304,1665,7,1658,639,355,284
2019,8,37,3015,2231,4,2227,784,493,291
2019,8,38,4233,3091,4,3087,1142,747,395
2019,8,39,1993,1358,32,1326,635,426,209
2019,8,40,17210,12419,5,12414,4791,2837,1954
2019,8,41,2711,1641,67,1574,1070,649,421
2019,8,42,4487,3296,72,3224,1191,795,396
2019,8,43,6289,4501,109,4392,1788,1293,495
2019,8,44,4070,3151,104,3047,919,636,283
2019,8,45,3228,2439,20,2419,789,422,367
2019,8,46,5552,4080,25,4055,1472,709,763
2019,8,47,4473,3184,45,3139,1289,832,457
2019,9,1,20337,16183,734,15449,4154,1217,2937
2019,9,2,3786,2779,238,2541,1007,591,416
2019,9,3,3545,2614,132,2482,931,550,381
2019,9,4,7501,5024,225,4799,2477,1754,723
2019,9,5,3146,2137,219,1918,1009,588,421
2019,9,6,3311,2424,98,2326,887,600,287
2019,9,7,6129,4176,115,4061,1953,1169,784
2019,9,8,8209,5869,436,5433,2340,1573,767
2019,9,9,7172,4675,689,3986,2497,1894,603
2019,9,10,7575,4748,485,4263,2827,2102,725
2019,9,11,18561,13536,1022,12514,5025,3086,1939
2019,9,12,17427,11947,568,11379,5480,3791,1689
2019,9,13,45017,29331,1279,28052,15686,9367,6319
2019,9,14,25414,16432,892,15540,8982,5492,3490
2019,9,15,7641,4508,200,4308,3133,2074,1059
2019,9,16,2816,1839,75,1764,977,977,0
2019,9,17,5922,3656,54,3602,2266,1780,486
2019,9,18,3014,2002,135,1867,1012,535,477
2019,9,19,3512,2236,129,2107,1276,702,574
2019,9,20,2509,1875,159,1716,634,280,354
2019,9,21,5455,3802,236,3566,1653,1074,579
2019,9,22,10680,7335,366,6969,3345,2141,1204
2019,9,23,23300,14451,579,13872,8849,6070,2779
2019,9,24,4913,2946,52,2894,1967,1343,624
2019,9,25,3972,3057,125,2932,915,520,395
2019,9,26,8994,6077,76,6001,2917,1890,1027
2019,9,27,31575,20654,1179,19475,10921,6326,4595
2019,9,28,17032,11921,369,11552,5111,3238,1873
2019,9,29,3968,2633,94,2539,1335,858,477
2019,9,30,3553,2648,223,2425,905,584,321
2019,9,31,1918,1284,11,1273,634,430,204
2019,9,32,1769,1145,4,1141,624,298,326
2019,9,33,6302,4305,171,4134,1997,1186,811
2019,9,34,10323,6277,135,6142,4046,1925,2121
2019,9,35,3953,3321,20,3301,632,325,307
2019,9,36,2204,1553,6,1547,651,385,266
2019,9,37,2821,1991,7,1984,830,542,288
2019,9,38,4146,2957,4,2953,1189,807,382
2019,9,39,2248,1559,39,1520,689,485,204
2019,9,40,16143,11496,2,11494,4647,2711,1936
2019,9,41,2461,1399,47,1352,1062,626,436
2019,9,42,4404,3131,90,3041,1273,854,419
2019,9,43,6052,4396,126,4270,1656,1141,515
2019,9,44,3885,2901,103,2798,984,670,314
2019,9,45,3103,2363,12,2351,740,386,354
2019,9,46,5082,3651,22,3629,1431,648,783
2019,9,47,3663,2419,26,2393,1244,832,412
2019,10,1,22178,17773,867,16906,4405,1352,3053
2019,10,2,4318,3172,350,2822,1146,659,487
2019,10,3,3398,2447,130,2317,951,586,365
2019,10,4,7681,5222,355,4867,2459,1720,739
2019,10,5,3356,2280,133,2147,1076,636,440
2019,10,6,3568,2538,100,2438,1030,726,304
2019,10,7,5965,4015,97,3918,1950,1188,762
2019,10,8,8977,6537,615,5922,2440,1642,798
2019,10,9,7695,5248,637,4611,2447,1831,616
2019,10,10,8102,5261,566,4695,2841,2057,784
2019,10,11,19088,14031,1269,12762,5057,3162,1895
2019,10,12,18481,12929,631,12298,5552,3685,1867
2019,10,13,50466,34693,1628,33065,15773,9512,6261
2019,10,14,26891,18060,838,17222,8831,5516,3315
2019,10,15,8057,4858,212,4646,3199,2025,1174
2019,10,16,3153,2152,79,2073,1001,1001,0
2019,10,17,6609,4217,83,4134,2392,1843,549
2019,10,18,3138,2084,115,1969,1054,616,438
2019,10,19,3644,2340,113,2227,1304,725,579
2019,10,20,2722,2054,171,1883,668,311,357
2019,10,21,6052,4190,373,3817,1862,1152,710
2019,10,22,10804,7542,570,6972,3262,2152,1110
2019,10,23,23992,15239,689,14550,8753,5941,2812
2019,10,24,5093,3156,36,3120,1937,1374,563
2019,10,25,4257,3381,116,3265,876,466,410
2019,10,26,9491,6505,112,6393,2986,1830,1156
2019,10,27,34245,22778,1148,21630,11467,6680,4787
2019,10,28,17871,12905,518,12387,4966,3134,1832
2019,10,29,4365,2851,123,2728,1514,996,518
2019,10,30,3835,2839,205,2634,996,628,368
2019,10,31,1930,1247,7,1240,683,508,175
2019,10,32,1842,1176,3,1173,666,376,290
2019,10,33,6866,4714,102,4612,2152,1282,870
2019,10,34,11336,7050,165,6885,4286,2039,2247
2019,10,35,4402,3725,85,3640,677,346,331
2019,10,36,2457,1860,7,1853,597,311,286
2019,10,37,3129,2290,1,2289,839,528,311
2019,10,38,4580,3354,4,3350,1226,797,429
2019,10,39,2472,1749,43,1706,723,544,179
2019,10,40,18315,13547,3,13544,4768,2794,1974
2019,10,41,2661,1565,74,1491,1096,662,434
2019,10,42,4724,3560,83,3477,1164,756,408
2019,10,43,6381,4651,119,4532,1730,1149,581
2019,10,44,4278,3335,116,3219,943,620,323
2019,10,45,3559,2751,28,2723,808,394,414
2019,10,46,5953,4569,28,4541,1384,629,755
2019,10,47,4874,3538,77,3461,1336,854,482
2019,11,1,20238,16093,675,15418,4145,1155,2990
2019,11,2,3819,2775,172,2603,1044,580,464
2019,11,3,3547,2613,154,2459,934,556,378
2019,11,4,7548,5060,216,4844,2488,1694,794
2019,11,5,3035,2101,86,2015,934,532,402
2019,11,6,3219,2353,93,2260,866,570,296
2019,11,7,6411,4449,178,4271,1962,1194,768
2019,11,8,8407,5857,554,5303,2550,1701,849
2019,11,9,7298,4881,521,4360,2417,1786,631
2019,11,10,7420,4655,527,4128,2765,2164,601
2019,11,11,19950,14433,1432,13001,5517,3467,2050
2019,11,12,18377,12811,766,12045,5566,3669,1897
2019,11,13,47876,31529,1619,29910,16347,9820,6527
2019,11,14,25744,17018,858,16160,8726,5370,3356
2019,11,15,7625,4544,216,4328,3081,1930,1151
2019,11,16,3068,2070,126,1944,998,998,0
2019,11,17,6171,3827,74,3753,2344,1794,550
2019,11,18,3415,2366,183,2183,1049,629,420
2019,11,19,3839,2537,165,2372,1302,751,551
2019,11,20,2461,1842,47,1795,619,296,323
2019,11,21,5637,3949,313,3636,1688,1044,644
2019,11,22,10637,7426,576,6850,3211,2052,1159
2019,11,23,24893,15537,637,14900,9356,6369,2987
2019,11,24,4810,2864,25,2839,1946,1360,586
2019,11,25,4072,3230,86,3144,842,444,398
2019,11,26,8717,5977,85,5892,2740,1611,1129
2019,11,27,32729,21898,1077,20821,10831,6162,4669
2019,11,28,17184,12260,453,11807,4924,3004,1920
2019,11,29,3952,2715,75,2640,1237,723,514
2019,11,30,3621,2844,306,2538,777,477,300
2019,11,31,1920,1313,3,1310,607,437,170
2019,11,32,1675,1088,1,1087,587,384,203
2019,11,33,6240,4283,141,4142,1957,1249,708
2019,11,34,10384,6149,133,6016,4235,2420,1815
2019,11,35,4131,3497,100,3397,634,375,259
2019,11,36,2206,1581,6,1575,625,406,219
2019,11,37,2954,2112,6,2106,842,585,257
2019,11,38,4269,3176,4,3172,1093,696,397
2019,11,39,2328,1685,22,1663,643,494,149
2019,11,40,16897,12299,8,12291,4598,2630,1968
2019,11,41,2570,1570,23,1547,1000,601,399
2019,11,42,4298,3171,68,3103,1127,743,384
2019,11,43,6269,4591,96,4495,1678,1129,549
2019,11,44,4040,3123,106,3017,917,581,336
2019,11,45,2958,2232,24,2208,726,385,341
2019,11,46,5382,4127,33,4094,1255,534,721
2019,11,47,4378,3135,49,3086,1243,846,397
2019,12,1,22158,17922,1124,16798,4236,1015,3221
2019,12,2,3943,2903,181,2722,1040,629,411
2019,12,3,3853,2796,170,2626,1057,665,392
2019,12,4,7875,5293,269,5024,2582,1878,704
2019,12,5,3289,2234,42,2192,1055,582,473
2019,12,6,3295,2329,102,2227,966,643,323
2019,12,7,6803,4675,248,4427,2128,1315,813
2019,12,8,8359,5871,394,5477,2488,1671,817
2019,12,9,7814,5379,1543,3836,2435,1795,640
2019,12,10,7708,5148,572,4576,2560,1936,624
2019,12,11,20153,14805,1687,13118,5348,3075,2273
2019,12,12,19409,14003,672,13331,5406,3490,1916
2019,12,13,49428,33441,1466,31975,15987,9283,6704
2019,12,14,27289,18407,806,17601,8882,5390,3492
2019,12,15,7916,4858,205,4653,3058,1952,1106
2019,12,16,2887,1878,131,1747,1009,1009,0
2019,12,17,6392,3937,76,3861,2455,1794,661
2019,12,18,3239,2184,110,2074,1055,625,430
2019,12,19,3975,2567,147,2420,1408,799,609
2019,12,20,2674,1999,45,1954,675,357,318
2019,12,21,5641,3889,258,3631,1752,1060,692
2019,12,22,10966,7692,406,7286,3274,2085,1189
2019,12,23,24324,15485,654,14831,8839,5734,3105
2019,12,24,4841,2967,47,2920,1874,1220,654
2019,12,25,4373,3510,193,3317,863,425,438
2019,12,26,9424,6538,104,6434,2886,1668,1218
2019,12,27,34541,24269,1067,23202,10272,5162,5110
2019,12,28,18073,13550,492,13058,4523,2719,1804
2019,12,29,4340,3117,133,2984,1223,684,539
2019,12,30,4003,3129,283,2846,874,581,293
2019,12,31,2023,1379,4,1375,644,484,160
2019,12,32,1835,1186,7,1179,649,432,217
2019,12,33,6531,4545,140,4405,1986,1215,771
2019,12,34,10875,6757,178,6579,4118,2240,1878
2019,12,35,4433,3718,32,3686,715,395,320
2019,12,36,2273,1633,6,1627,640,372,268
2019,12,37,3241,2468,10,2458,773,490,283
2019,12,38,4201,3103,4,3099,1098,694,404
2019,12,39,2208,1578,33,1545,630,471,159
2019,12,40,17930,13178,3,13175,4752,2736,2016
2019,12,41,2597,1561,51,1510,1036,591,445
2019,12,42,4337,3148,56,3092,1189,774,415
2019,12,43,6267,4583,90,4493,1684,1077,607
2019,12,44,4058,3148,105,3043,910,581,329
2019,12,45,3327,2541,19,2522,786,396,390
2019,12,46,5540,4244,35,4209,1296,530,766
2019,12,47,4745,3389,56,3333,1356,889,467
2020,1,1,21527,17427,1022,16405,4100,1101,2999
2020,1,2,4025,2973,84,2889,1052,615,437
2020,1,3,3520,2574,141,2433,946,609,337
2020,1,4,7483,5001,294,4707,2482,1829,653
2020,1,5,3103,2094,36,2058,1009,596,413
2020,1,6,3362,2448,95,2353,914,612,302
2020,1,7,6617,4559,119,4440,2058,1345,713
2020,1,8,8204,5680,247,5433,2524,1651,873
2020,1,9,7599,5134,856,4278,2465,1749,716
2020,1,10,7316,4836,234,4602,2480,1901,579
2020,1,11,19433,14146,925,13221,5287,3370,1917
2020,1,12,19124,13727,517,13210,5397,3648,1749
2020,1,13,47209,31315,1324,29991,15894,9875,6019
2020,1,14,26705,18641,880,17761,8064,5244,2820
2020,1,15,7830,4535,140,4395,3295,2135,1160
2020,1,16,2985,1957,107,1850,1028,1028,0
2020,1,17,6354,3822,63,3759,2532,1943,589
2020,1,18,3276,2221,232,1989,1055,635,420
2020,1,19,3957,2644,192,2452,1313,787,526
2020,1,20,2437,1800,28,1772,637,320,317
2020,1,21,5582,3888,129,3759,1694,1054,640
2020,1,22,10659,7421,301,7120,3238,2132,1106
2020,1,23,23452,14964,597,14367,8488,5763,2725
2020,1,24,4773,2944,25,2919,1829,1286,543
2020,1,25,4383,3514,114,3400,869,456,413
2020,1,26,9373,6574,108,6466,2799,1763,1036
2020,1,27,32564,22357,752,21605,10207,5669,4538
2020,1,28,17729,12812,354,12458,4917,3139,1778
2020,1,29,4139,2883,80,2803,1256,748,508
2020,1,30,3712,2785,81,2704,927,559,368
2020,1,31,1918,1237,5,1232,681,506,175
2020,1,32,1799,1214,7,1207,585,377,208
2020,1,33,6450,4539,89,4450,1911,1150,761
2020,1,34,11136,6690,150,6540,4446,2645,1801
2020,1,35,4154,3443,31,3412,711,395,316
2020,1,36,2181,1625,6,1619,556,334,222
2020,1,37,3155,2407,6,2401,748,489,259
2020,1,38,4300,3204,7,3197,1096,670,426
2020,1,39,2343,1653,26,1627,690,505,185
2020,1,40,17023,12457,4,12453,4566,2859,1707
2020,1,41,2440,1438,30,1408,1002,621,381
2020,1,42,4494,3266,59,3207,1228,772,456
2020,1,43,6333,4653,82,4571,1680,1196,484
2020,1,44,4043,3119,72,3047,924,573,351
2020,1,45,3306,2532,17,2515,774,401,373
2020,1,46,5428,4122,24,4098,1306,602,704
2020,1,47,4671,3327,64,3263,1344,999,345
2020,2,1,19353,15338,952,14386,4015,975,3040
2020,2,2,3761,2680,93,2587,1081,671,410
2020,2,3,3611,2520,135,2385,1091,734,357
2020,2,4,7350,4633,130,4503,2717,2071,646
2020,2,5,3024,2029,55,1974,995,592,403
2020,2,6,3134,2224,99,2125,910,533,377
2020,2,7,6382,4181,78,4103,2201,1424,777
2020,2,8,8165,5692,279,5413,2473,1641,832
2020,2,9,7301,4724,388,4336,2577,1831,746
2020,2,10,7227,4640,207,4433,2587,2029,558
2020,2,11,18784,13149,1271,11878,5635,3612,2023
2020,2,12,16861,11608,463,11145,5253,3493,1760
2020,2,13,44871,29487,1328,28159,15384,9424,5960
2020,2,14,25151,16715,847,15868,8436,5584,2852
2020,2,15,7265,4240,144,4096,3025,1936,1089
2020,2,16,2761,1681,46,1635,1080,1080,0
2020,2,17,6114,3646,51,3595,2468,1856,612
2020,2,18,3051,2004,132,1872,1047,628,419
2020,2,19,3660,2275,130,2145,1385,821,564
2020,2,20,2435,1782,20,1762,653,322,331
2020,2,21,5666,3844,189,3655,1822,1211,611
2020,2,22,10062,6830,217,6613,3232,2096,1136
2020,2,23,22245,13648,608,13040,8597,5881,2716
2020,2,24,4773,2789,63,2726,1984,1467,517
2020,2,25,3905,3004,113,2891,901,499,402
2020,2,26,9294,6256,85,6171,3038,1971,1067
2020,2,27,30770,20499,1016,19483,10271,5563,4708
2020,2,28,16454,11720,359,11361,4734,2920,1814
2020,2,29,3931,2549,85,2464,1382,865,517
2020,2,30,3250,2438,97,2341,812,490,322
2020,2,31,1796,1178,3,1175,618,462,156
2020,2,32,1743,1094,6,1088,649,437,212
2020,2,33,6263,4255,79,4176,2008,1290,718
2020,2,34,10665,6282,172,6110,4383,2614,1769
2020,2,35,3934,3258,38,3220,676,413,263
2020,2,36,2152,1578,6,1572,574,377,197
2020,2,37,2924,2124,8,2116,800,547,253
2020,2,38,4134,2971,4,2967,1163,744,419
2020,2,39,2326,1633,41,1592,693,539,154
2020,2,40,16590,11848,3,11845,4742,3000,1742
2020,2,41,2604,1511,61,1450,1093,716,377
2020,2,42,4110,2915,54,2861,1195,756,439
2020,2,43,5908,4190,90,4100,1718,1247,471
2020,2,44,3813,2877,32,2845,936,623,313
2020,2,45,3208,2413,20,2393,795,407,388
2020,2,46,5139,3757,26,3731,1382,705,677
2020,2,47,4226,2924,64,2860,1302,982,320
2020,3,1,22797,18257,1094,17163,4540,1587,2953
2020,3,2,4282,3025,115,2910,1257,817,440
2020,3,3,3971,2833,155,2678,1138,785,353
2020,3,4,8143,4993,189,4804,3150,2436,714
2020,3,5,3502,2210,55,2155,1292,788,504
2020,3,6,3735,2569,147,2422,1166,706,460
2020,3,7,7145,4558,94,4464,2587,1617,970
2020,3,8,9670,6765,244,6521,2905,2008,897
2020,3,9,8388,5439,472,4967,2949,2163,786
2020,3,10,8769,5608,211,5397,3161,2482,679
2020,3,11,20902,14886,1316,13570,6016,4080,1936
2020,3,12,19614,13942,576,13366,5672,3899,1773
2020,3,13,50398,33703,1716,31987,16695,10744,5951
2020,3,14,29193,19449,1004,18445,9744,6618,3126
2020,3,15,8337,4921,283,4638,3416,2258,1158
2020,3,16,3483,2209,83,2126,1274,1274,0
2020,3,17,7269,4400,122,4278,2869,2209,660
2020,3,18,3883,2648,136,2512,1235,875,360
2020,3,19,4716,3091,194,2897,1625,1061,564
2020,3,20,2749,1946,54,1892,803,476,327
2020,3,21,6194,4172,222,3950,2022,1385,637
2020,3,22,11689,7558,306,7252,4131,2956,1175
2020,3,23,27056,16398,679,15719,10658,7833,2825
2020,3,24,5296,2897,111,2786,2399,1907,492
2020,3,25,4770,3694,159,3535,1076,649,427
2020,3,26,10616,7105,128,6977,3511,2403,1108
2020,3,27,35310,22768,1061,21707,12542,7880,4662
2020,3,28,19353,13766,471,13295,5587,3727,1860
2020,3,29,4505,2863,123,2740,1642,1069,573
2020,3,30,4047,2936,98,2838,1111,695,416
2020,3,31,2108,1303,18,1285,805,630,175
2020,3,32,2127,1351,8,1343,776,574,202
2020,3,33,7173,4725,103,4622,2448,1795,653
2020,3,34,11437,6624,174,6450,4813,3204,1609
2020,3,35,4656,3783,56,3727,873,596,277
2020,3,36,2552,1835,6,1829,717,551,166
2020,3,37,3096,2244,16,2228,852,617,235
2020,3,38,4636,3236,4,3232,1400,1046,354
2020,3,39,2553,1676,47,1629,877,724,153
2020,3,40,19660,13736,4,13732,5924,3883,2041
2020,3,41,3095,1751,70,1681,1344,954,390
2020,3,42,4777,3349,76,3273,1428,1012,416
2020,3,43,7067,5068,136,4932,1999,1575,424
2020,3,44,4209,3092,45,3047,1117,755,362
2020,3,45,3875,2688,44,2644,1187,739,448
2020,3,46,6307,4672,36,4636,1635,972,663
2020,3,47,5118,3511,71,3440,1607,1249,358
2020,4,1,20301,16022,545,15477,4279,1525,2754
2020,4,2,4142,2945,75,2870,1197,837,360
2020,4,3,3900,2832,108,2724,1068,723,345
2020,4,4,6760,4301,84,4217,2459,1778,681
2020,4,5,3377,2085,35,2050,1292,891,401
2020,4,6,3360,2398,106,2292,962,580,382
2020,4,7,6137,4104,64,4040,2033,1190,843
2020,4,8,8296,5643,99,5544,2653,1892,761
2020,4,9,7604,4911,311,4600,2693,1902,791
2020,4,10,6971,4228,161,4067,2743,1921,822
2020,4,11,18051,12475,888,11587,5576,3823,1753
2020,4,12,15782,10805,321,10484,4977,3410,1567
2020,4,13,39819,24414,967,23447,15405,9905,5500
2020,4,14,24640,15510,615,14895,9130,6145,2985
2020,4,15,6775,3998,142,3856,2777,1878,899
2020,4,16,2863,1739,80,1659,1124,1124,0
2020,4,17,6132,3588,46,3542,2544,1853,691
2020,4,18,2761,1737,39,1698,1024,736,288
2020,4,19,3538,2209,89,2120,1329,798,531
2020,4,20,2115,1431,42,1389,684,684,0
2020,4,21,5097,3375,109,3266,1722,1063,659
2020,4,22,10074,6630,180,6450,3444,2729,715
2020,4,23,21684,12383,389,11994,9301,5986,3315
2020,4,24,5298,3028,46,2982,2270,1685,585
2020,4,25,4135,3240,115,3125,895,481,414
2020,4,26,8576,5469,47,5422,3107,2134,973
2020,4,27,30882,19422,676,18746,11460,7201,4259
2020,4,28,16955,11709,334,11375,5246,3493,1753
2020,4,29,4008,2512,97,2415,1496,985,511
2020,4,30,3654,2547,71,2476,1107,719,388
2020,4,31,1899,1134,2,1132,765,588,177
2020,4,32,1716,1017,8,1009,699,503,196
2020,4,33,6515,4286,91,4195,2229,1569,660
2020,4,34,10275,6503,137,6366,3772,2098,1674
2020,4,35,4607,3822,29,3793,785,500,285
2020,4,36,2331,1710,6,1704,621,473,148
2020,4,37,2727,1864,8,1856,863,627,236
2020,4,38,4138,2842,5,2837,1296,956,340
2020,4,39,2478,1633,48,1585,845,674,171
2020,4,40,16720,11764,4,11760,4956,3206,1750
2020,4,41,2779,1451,79,1372,1328,952,376
2020,4,42,4199,2879,59,2820,1320,905,415
2020,4,43,6100,4334,101,4233,1766,1335,431
2020,4,44,4013,2943,17,2926,1070,727,343
2020,4,45,3451,2507,22,2485,944,625,319
2020,4,46,5539,3986,22,3964,1553,911,642
2020,4,47,4131,2669,68,2601,1462,1100,362
2020,5,1,21546,16806,545,16261,4740,1874,2866
2020,5,2,4215,2969,72,2897,1246,945,301
2020,5,3,3878,2691,110,2581,1187,871,316
2020,5,4,7863,5005,153,4852,2858,2211,647
2020,5,5,3814,2448,57,2391,1366,988,378
2020,5,6,3755,2633,95,2538,1122,789,333
2020,5,7,6331,4129,62,4067,2202,1448,754
2020,5,8,8616,5695,110,5585,2921,2114,807
2020,5,9,8233,5309,295,5014,2924,2152,772
2020,5,10,7865,4869,107,4762,2996,2045,951
2020,5,11,19231,13306,962,12344,5925,4168,1757
2020,5,12,17353,11827,315,11512,5526,4023,1503
2020,5,13,42285,25447,930,24517,16838,11065,5773
2020,5,14,25483,15666,649,15017,9817,6954,2863
2020,5,15,7984,4833,169,4664,3151,2293,858
2020,5,16,3019,1744,68,1676,1275,1275,0
2020,5,17,6896,4221,68,4153,2675,1994,681
2020,5,18,3255,2014,56,1958,1241,927,314
2020,5,19,4324,2721,98,2623,1603,1087,516
2020,5,20,2526,1745,53,1692,781,781,0
2020,5,21,5936,3912,127,3785,2024,1317,707
2020,5,22,11151,7266,217,7049,3885,3116,769
2020,5,23,25358,14550,346,14204,10808,7796,3012
2020,5,24,5710,3200,42,3158,2510,1918,592
2020,5,25,4819,3754,118,3636,1065,651,414
2020,5,26,10113,6547,78,6469,3566,2551,1015
2020,5,27,32754,20282,788,19494,12472,8479,3993
2020,5,28,18413,12662,363,12299,5751,3971,1780
2020,5,29,4063,2636,82,2554,1427,993,434
2020,5,30,4028,2885,94,2791,1143,770,373
2020,5,31,2013,1193,10,1183,820,621,199
2020,5,32,1972,1196,8,1188,776,592,184
2020,5,33,6815,4307,75,4232,2508,1834,674
2020,5,34,10130,6178,73,6105,3952,2529,1423
2020,5,35,4705,3854,76,3778,851,574,277
2020,5,36,2361,1695,6,1689,666,509,157
2020,5,37,3304,2380,14,2366,924,662,262
2020,5,38,4645,3189,5,3184,1456,1088,368
2020,5,39,2350,1449,35,1414,901,750,151
2020,5,40,18469,12705,8,12697,5764,4149,1615
2020,5,41,2850,1322,69,1253,1528,1128,400
2020,5,42,4755,3262,67,3195,1493,1066,427
2020,5,43,6844,4671,119,4552,2173,1685,488
2020,5,44,4188,3052,27,3025,1136,831,305
2020,5,45,3483,2412,21,2391,1071,732,339
2020,5,46,6130,4333,22,4311,1797,1190,607
2020,5,47,4671,3015,75,2940,1656,1300,356
2020,6,1,21726,17240,576,16664,4486,1526,2960
2020,6,2,4017,2866,48,2818,1151,961,190
2020,6,3,3752,2744,129,2615,1008,673,335
2020,6,4,7859,5124,109,5015,2735,1825,910
2020,6,5,3574,2328,47,2281,1246,887,359
2020,6,6,3350,2325,79,2246,1025,691,334
2020,6,7,6527,4516,133,4383,2011,1244,767
2020,6,8,8630,5893,122,5771,2737,1939,798
2020,6,9,7813,5092,302,4790,2721,2024,697
2020,6,10,7216,4406,120,4286,2810,1854,956
2020,6,11,19027,13372,1081,12291,5655,3882,1773
2020,6,12,18426,12710,360,12350,5716,4122,1594
2020,6,13,41741,25683,1187,24496,16058,10259,5799
2020,6,14,26701,17237,615,16622,9464,6618,2846
2020,6,15,7605,4580,96,4484,3025,2144,881
2020,6,16,2976,1840,59,1781,1136,1136,0
2020,6,17,6550,3904,51,3853,2646,1911,735
2020,6,18,3035,1894,85,1809,1141,801,340
2020,6,19,3763,2263,101,2162,1500,981,519
2020,6,20,2307,1528,37,1491,779,779,0
2020,6,21,5715,3758,158,3600,1957,1244,713
2020,6,22,11043,7384,255,7129,3659,2893,766
2020,6,23,24744,14749,362,14387,9995,6890,3105
2020,6,24,5209,2947,53,2894,2262,1611,651
2020,6,25,4378,3362,73,3289,1016,604,412
2020,6,26,9071,5853,76,5777,3218,2163,1055
2020,6,27,33005,21137,775,20362,11868,7578,4290
2020,6,28,17330,11983,424,11559,5347,3530,1817
2020,6,29,3996,2701,88,2613,1295,835,460
2020,6,30,3817,2765,69,2696,1052,667,385
2020,6,31,2162,1391,3,1388,771,587,184
2020,6,32,1754,1031,3,1028,723,531,192
2020,6,33,6727,4443,74,4369,2284,1610,674
2020,6,34,10327,6338,127,6211,3989,2436,1553
2020,6,35,4386,3481,10,3471,905,551,354
2020,6,36,2312,1645,6,1639,667,514,153
2020,6,37,3193,2308,5,2303,885,627,258
2020,6,38,4611,3161,6,3155,1450,1041,409
2020,6,39,2522,1717,39,1678,805,652,153
2020,6,40,16918,11717,11,11706,5201,3283,1918
2020,6,41,2822,1487,39,1448,1335,938,397
2020,6,42,4681,3414,74,3340,1267,853,414
2020,6,43,6081,4129,72,4057,1952,1295,657
2020,6,44,3998,2938,12,2926,1060,738,322
2020,6,45,3247,2375,15,2360,872,579,293
2020,6,46,5287,3776,34,3742,1511,949,562
2020,6,47,4413,2925,46,2879,1488,1118,370
2020,7,1,21094,16289,598,15691,4805,1794,3011
2020,7,2,4245,2949,198,2751,1296,1072,224
2020,7,3,3685,2541,121,2420,1144,792,352
2020,7,4,7548,4664,127,4537,2884,1946,938
2020,7,5,3587,2186,92,2094,1401,1023,378
2020,7,6,3301,2176,81,2095,1125,788,337
2020,7,7,6587,4527,131,4396,2060,1303,757
2020,7,8,8367,5565,193,5372,2802,1908,894
2020,7,9,8137,5386,652,4734,2751,2011,740
2020,7,10,7470,4644,167,4477,2826,1912,914
2020,7,11,19597,13675,954,12721,5922,4141,1781
2020,7,12,18756,12640,395,12245,6116,4370,1746
2020,7,13,42787,25977,1019,24958,16810,11123,5687
2020,7,14,26959,16777,643,16134,10182,7335,2847
2020,7,15,7827,4664,134,4530,3163,2423,740
2020,7,16,3373,2117,102,2015,1256,1256,0
2020,7,17,6702,4013,41,3972,2689,1937,752
2020,7,18,3306,2129,129,2000,1177,855,322
2020,7,19,3598,2100,118,1982,1498,985,513
2020,7,20,2474,1693,54,1639,781,781,0
2020,7,21,5784,3656,186,3470,2128,1378,750
2020,7,22,10644,7047,329,6718,3597,2839,758
2020,7,23,23394,13758,481,13277,9636,6657,2979
2020,7,24,5205,2800,51,2749,2405,1744,661
2020,7,25,4206,3197,87,3110,1009,587,422
2020,7,26,9262,5864,58,5806,3398,2186,1212
2020,7,27,32011,20283,775,19508,11728,7216,4512
2020,7,28,18418,12549,387,12162,5869,3950,1919
2020,7,29,4161,2762,91,2671,1399,909,490
2020,7,30,3501,2511,86,2425,990,639,351
2020,7,31,1896,1113,1,1112,783,602,181
2020,7,32,2004,1229,3,1226,775,584,191
2020,7,33,6354,4111,73,4038,2243,1582,661
2020,7,34,10076,6009,138,5871,4067,2515,1552
2020,7,35,4009,3093,64,3029,916,592,324
2020,7,36,2260,1498,6,1492,762,559,203
2020,7,37,3103,2187,12,2175,916,666,250
2020,7,38,4343,2848,5,2843,1495,1038,457
2020,7,39,2503,1616,51,1565,887,714,173
2020,7,40,17578,12187,7,12180,5391,3377,2014
2020,7,41,2976,1607,68,1539,1369,969,400
2020,7,42,4278,3002,66,2936,1276,890,386
2020,7,43,5886,3952,97,3855,1934,1253,681
2020,7,44,4125,3021,22,2999,1104,770,334
2020,7,45,3159,2173,15,2158,986,739,247
2020,7,46,4841,3358,11,3347,1483,989,494
2020,7,47,5103,3648,52,3596,1455,1028,427
2020,8,1,22901,18045,806,17239,4856,1856,3000
2020,8,2,4245,2911,105,2806,1334,1091,243
2020,8,3,3756,2561,93,2468,1195,842,353
2020,8,4,8211,5242,125,5117,2969,1984,985
2020,8,5,3630,2287,76,2211,1343,937,406
2020,8,6,3633,2442,71,2371,1191,836,355
2020,8,7,6371,4228,81,4147,2143,1366,777
2020,8,8,8599,5769,119,5650,2830,2025,805
2020,8,9,7785,5016,322,4694,2769,2062,707
2020,8,10,7860,4826,152,4674,3034,2157,877
2020,8,11,20849,14662,961,13701,6187,4269,1918
2020,8,12,19655,13404,422,12982,6251,4453,1798
2020,8,13,47170,29819,1163,28656,17351,11522,5829
2020,8,14,27567,17259,749,16510,10308,7243,3065
2020,8,15,7773,4642,158,4484,3131,2517,614
2020,8,16,3228,1976,91,1885,1252,1252,0
2020,8,17,6722,4020,81,3939,2702,1985,717
2020,8,18,3306,2137,66,2071,1169,864,305
2020,8,19,3751,2252,114,2138,1499,972,527
2020,8,20,2511,1669,101,1568,842,842,0
2020,8,21,6044,3916,221,3695,2128,1451,677
2020,8,22,10971,7048,197,6851,3923,3129,794
2020,8,23,25298,14704,553,14151,10594,7498,3096
2020,8,24,5380,2919,60,2859,2461,1817,644
2020,8,25,4426,3365,104,3261,1061,654,407
2020,8,26,10042,6602,66,6536,3440,2362,1078
2020,8,27,33840,21293,867,20426,12547,7965,4582
2020,8,28,18506,12488,441,12047,6018,4051,1967
2020,8,29,4206,2830,128,2702,1376,869,507
2020,8,30,3673,2610,91,2519,1063,688,375
2020,8,31,1946,1216,1,1215,730,553,177
2020,8,32,1999,1223,10,1213,776,601,175
2020,8,33,6893,4550,76,4474,2343,1632,711
2020,8,34,10641,6608,118,6490,4033,2445,1588
2020,8,35,4754,3839,26,3813,915,576,339
2020,8,36,2472,1737,6,1731,735,538,197
2020,8,37,3253,2344,9,2335,909,650,259
2020,8,38,4561,3054,14,3040,1507,1049,458
2020,8,39,2564,1702,49,1653,862,713,149
2020,8,40,18011,12312,5,12307,5699,3732,1967
2020,8,41,3449,2029,79,1950,1420,1013,407
2020,8,42,4692,3172,69,3103,1520,1113,407
2020,8,43,6643,4577,120,4457,2066,1414,652
2020,8,44,4069,2945,21,2924,1124,774,350
2020,8,45,3881,2767,10,2757,1114,791,323
2020,8,46,5788,4045,26,4019,1743,1068,675
2020,8,47,4273,2884,48,2836,1389,1003,386
2020,9,1,20857,16294,614,15680,4563,1704,2859
2020,9,2,3919,2670,178,2492,1249,1016,233
2020,9,3,3572,2485,109,2376,1087,747,340
2020,9,4,7590,4883,175,4708,2707,1792,915
2020,9,5,3335,2060,155,1905,1275,890,385
2020,9,6,3502,2393,61,2332,1109,764,345
2020,9,7,6092,4179,105,4074,1913,1228,685
2020,9,8,8403,5769,420,5349,2634,1812,822
2020,9,9,7582,5018,553,4465,2564,1874,690
2020,9,10,7308,4684,318,4366,2624,1760,864
2020,9,11,19320,13428,954,12474,5892,3963,1929
2020,9,12,18613,12731,482,12249,5882,4069,1813
2020,9,13,43511,26392,1167,25225,17119,11204,5915
2020,9,14,26381,16634,764,15870,9747,6681,3066
2020,9,15,7537,4542,123,4419,2995,2299,696
2020,9,16,3215,2025,137,1888,1190,1190,0
2020,9,17,6565,4052,81,3971,2513,1822,691
2020,9,18,3169,2117,122,1995,1052,760,292
2020,9,19,3716,2267,112,2155,1449,911,538
2020,9,20,2511,1751,117,1634,760,760,0
2020,9,21,5856,3951,291,3660,1905,1207,698
2020,9,22,10650,7050,370,6680,3600,2826,774
2020,9,23,24732,14933,648,14285,9799,6640,3159
2020,9,24,5115,2827,59,2768,2288,1614,674
2020,9,25,4240,3304,83,3221,936,543,393
2020,9,26,9760,6500,81,6419,3260,2103,1157
2020,9,27,32626,21052,920,20132,11574,7104,4470
2020,9,28,17516,11982,397,11585,5534,3630,1904
2020,9,29,4022,2679,84,2595,1343,864,479
2020,9,30,3635,2646,195,2451,989,609,380
2020,9,31,1908,1200,14,1186,708,482,226
2020,9,32,1839,1123,6,1117,716,542,174
2020,9,33,6300,4144,95,4049,2156,1315,841
2020,9,34,10010,6204,189,6015,3806,2146,1660
2020,9,35,3969,3153,22,3131,816,489,327
2020,9,36,2225,1519,12,1507,706,509,197
2020,9,37,2958,2094,6,2088,864,611,253
2020,9,38,4490,3135,9,3126,1355,888,467
2020,9,39,2220,1482,32,1450,738,589,149
2020,9,40,16715,11634,2,11632,5081,3069,2012
2020,9,41,2869,1600,60,1540,1269,870,399
2020,9,42,4423,3128,100,3028,1295,904,391
2020,9,43,6286,4431,83,4348,1855,1164,691
2020,9,44,3956,2893,19,2874,1063,687,376
2020,9,45,3248,2276,9,2267,972,696,276
2020,9,46,5248,3740,22,3718,1508,884,624
2020,9,47,4221,2986,47,2939,1235,886,349
2020,10,1,22900,18367,941,17426,4533,1640,2893
2020,10,2,3835,2705,258,2447,1130,907,223
2020,10,3,3741,2700,121,2579,1041,711,330
2020,10,4,7949,5267,152,5115,2682,1680,1002
2020,10,5,3415,2185,140,2045,1230,856,374
2020,10,6,3339,2328,97,2231,1011,670,341
2020,10,7,6544,4644,231,4413,1900,1146,754
2020,10,8,9286,6567,651,5916,2719,1892,827
2020,10,9,8134,5491,677,4814,2643,1952,691
2020,10,10,7735,5085,388,4697,2650,1806,844
2020,10,11,20322,14450,1278,13172,5872,3851,2021
2020,10,12,19160,13255,514,12741,5905,4164,1741
2020,10,13,45900,29362,1198,28164,16538,10573,5965
2020,10,14,27507,17754,830,16924,9753,6505,3248
2020,10,15,7655,4797,143,4654,2858,2155,703
2020,10,16,3419,2280,169,2111,1139,1139,0
2020,10,17,6574,4205,64,4141,2369,1702,667
2020,10,18,3289,2201,137,2064,1088,811,277
2020,10,19,3753,2311,96,2215,1442,908,534
2020,10,20,2550,1814,54,1760,736,736,0
2020,10,21,5544,3711,213,3498,1833,1128,705
2020,10,22,11122,7497,440,7057,3625,2901,724
2020,10,23,25115,15376,628,14748,9739,6743,2996
2020,10,24,5255,3011,57,2954,2244,1544,700
2020,10,25,4582,3615,154,3461,967,554,413
2020,10,26,9801,6604,85,6519,3197,1971,1226
2020,10,27,34202,22645,1065,21580,11557,6866,4691
2020,10,28,18277,12798,470,12328,5479,3596,1883
2020,10,29,4279,2903,114,2789,1376,849,527
2020,10,30,3797,2818,160,2658,979,595,384
2020,10,31,1960,1252,10,1242,708,495,213
2020,10,32,1933,1234,5,1229,699,507,192
2020,10,33,6661,4540,81,4459,2121,1481,640
2020,10,34,10805,6874,142,6732,3931,2333,1598
2020,10,35,4534,3726,17,3709,808,495,313
2020,10,36,2470,1755,12,1743,715,537,178
2020,10,37,3145,2250,4,2246,895,644,251
2020,10,38,4533,3119,7,3112,1414,975,439
2020,10,39,2641,1840,44,1796,801,647,154
2020,10,40,18119,12571,2,12569,5548,3532,2016
2020,10,41,2920,1672,88,1584,1248,852,396
2020,10,42,4671,3327,80,3247,1344,972,372
2020,10,43,6565,4707,98,4609,1858,1217,641
2020,10,44,4272,3181,87,3094,1091,748,343
2020,10,45,3407,2403,4,2399,1004,700,304
2020,10,46,5672,4129,30,4099,1543,996,547
2020,10,47,4625,3258,64,3194,1367,896,471
2020,11,1,20858,16267,945,15322,4591,1710,2881
2020,11,2,4364,3087,172,2915,1277,1042,235
2020,11,3,3479,2506,124,2382,973,615,358
2020,11,4,7663,4945,164,4781,2718,1694,1024
2020,11,5,3421,2179,66,2113,1242,907,335
2020,11,6,3408,2366,88,2278,1042,714,328
2020,11,7,6359,4340,177,4163,2019,1296,723
2020,11,8,8814,6106,702,5404,2708,1896,812
2020,11,9,7963,5398,662,4736,2565,1887,678
2020,11,10,8001,5319,437,4882,2682,1745,937
2020,11,11,20470,14564,1034,13530,5906,3993,1913
2020,11,12,19775,13836,747,13089,5939,4260,1679
2020,11,13,47779,30939,1216,29723,16840,10804,6036
2020,11,14,27477,18024,777,17247,9453,6405,3048
2020,11,15,7668,4864,143,4721,2804,2133,671
2020,11,16,3206,2041,161,1880,1165,1165,0
2020,11,17,6374,4029,59,3970,2345,1712,633
2020,11,18,3244,2262,90,2172,982,674,308
2020,11,19,3659,2302,103,2199,1357,855,502
2020,11,20,2525,1767,97,1670,758,758,0
2020,11,21,5794,4089,338,3751,1705,1081,624
2020,11,22,11044,7480,551,6929,3564,2825,739
2020,11,23,24656,15083,469,14614,9573,6619,2954
2020,11,24,5409,3085,54,3031,2324,1527,797
2020,11,25,4401,3426,99,3327,975,563,412
2020,11,26,9632,6558,95,6463,3074,1968,1106
2020,11,27,32983,22127,933,21194,10856,6470,4386
2020,11,28,18050,12793,483,12310,5257,3484,1773
2020,11,29,4126,2876,124,2752,1250,757,493
2020,11,30,3625,2705,189,2516,920,521,399
2020,11,31,1941,1269,5,1264,672,480,192
2020,11,32,1884,1216,4,1212,668,480,188
2020,11,33,6755,4733,145,4588,2022,1398,624
2020,11,34,10098,6278,109,6169,3820,2377,1443
2020,11,35,4348,3549,57,3492,799,515,284
2020,11,36,2343,1599,7,1592,744,572,172
2020,11,37,3056,2199,3,2196,857,596,261
2020,11,38,4401,3036,7,3029,1365,955,410
2020,11,39,2499,1759,38,1721,740,570,170
2020,11,40,17120,11949,7,11942,5171,3287,1884
2020,11,41,2838,1606,74,1532,1232,833,399
2020,11,42,4433,3053,63,2990,1380,918,462
2020,11,43,6312,4557,68,4489,1755,1147,608
2020,11,44,4141,3066,26,3040,1075,721,354
2020,11,45,3251,2227,3,2224,1024,705,319
2020,11,46,5379,3903,20,3883,1476,957,519
2020,11,47,4465,3140,38,3102,1325,900,425
2020,12,1,23198,18487,1234,17253,4711,1616,3095
2020,12,2,4042,2845,189,2656,1197,959,238
2020,12,3,3830,2755,134,2621,1075,703,372
2020,12,4,8308,5595,220,5375,2713,1620,1093
2020,12,5,3711,2351,72,2279,1360,947,413
2020,12,6,3422,2395,89,2306,1027,639,388
2020,12,7,6527,4538,158,4380,1989,1248,741
2020,12,8,9838,7114,406,6708,2724,1856,868
2020,12,9,8848,6236,1651,4585,2612,1887,725
2020,12,10,8540,5630,685,4945,2910,1901,1009
2020,12,11,21437,15826,1592,14234,5611,3604,2007
2020,12,12,20719,14979,823,14156,5740,3874,1866
2020,12,13,51052,34117,1394,32723,16935,10778,6157
2020,12,14,29404,19646,786,18860,9758,6578,3180
2020,12,15,7672,4925,143,4782,2747,2141,606
2020,12,16,3446,2253,141,2112,1193,1193,0
2020,12,17,6903,4438,93,4345,2465,1754,711
2020,12,18,3191,2176,85,2091,1015,712,303
2020,12,19,3855,2460,95,2365,1395,832,563
2020,12,20,2626,1875,74,1801,751,751,0
2020,12,21,5917,4076,184,3892,1841,1109,732
2020,12,22,11714,8031,447,7584,3683,2884,799
2020,12,23,25583,16165,706,15459,9418,6097,3321
2020,12,24,5366,3190,69,3121,2176,1313,863
2020,12,25,4930,3982,251,3731,948,518,430
2020,12,26,9993,6888,123,6765,3105,1918,1187
2020,12,27,35046,24230,959,23271,10816,6282,4534
2020,12,28,19413,13988,498,13490,5425,3625,1800
2020,12,29,4379,3131,191,2940,1248,755,493
2020,12,30,3993,3059,241,2818,934,527,407
2020,12,31,2089,1414,8,1406,675,465,210
2020,12,32,2004,1259,8,1251,745,528,217
2020,12,33,6549,4523,98,4425,2026,1328,698
2020,12,34,10661,6980,147,6833,3681,2049,1632
2020,12,35,4659,3852,26,3826,807,513,294
2020,12,36,2542,1776,8,1768,766,530,236
2020,12,37,3389,2582,15,2567,807,558,249
2020,12,38,4541,3138,19,3119,1403,943,460
2020,12,39,2340,1585,38,1547,755,565,190
2020,12,40,18733,13307,8,13299,5426,3396,2030
2020,12,41,2866,1687,60,1627,1179,769,410
2020,12,42,4828,3396,67,3329,1432,891,541
2020,12,43,6952,5116,104,5012,1836,1136,700
2020,12,44,4405,3335,93,3242,1070,647,423
2020,12,45,3657,2567,7,2560,1090,761,329
2020,12,46,5296,3894,21,3873,1402,920,482
2020,12,47,4896,3512,68,3444,1384,950,434
2021,1,1,22118,17395,741,16654,4723,1948,2775
2021,1,2,4078,2888,81,2807,1190,974,216
2021,1,3,3771,2712,134,2578,1059,780,279
2021,1,4,8361,5509,235,5274,2852,1702,1150
2021,1,5,3437,2161,60,2101,1276,920,356
2021,1,6,3582,2443,90,2353,1139,770,369
2021,1,7,6652,4428,102,4326,2224,1373,851
2021,1,8,9705,6865,226,6639,2840,2021,819
2021,1,9,8566,5910,778,5132,2656,1979,677
2021,1,10,8351,5587,146,5441,2764,1769,995
2021,1,11,21913,16027,967,15060,5886,4026,1860
2021,1,12,20622,14517,452,14065,6105,4385,1720
2021,1,13,50315,33066,1345,31721,17249,11432,5817
2021,1,14,29851,19921,861,19060,9930,6763,3167
2021,1,15,6649,4096,92,4004,2553,1984,569
2021,1,16,3548,2250,94,2156,1298,1298,0
2021,1,17,6853,4247,66,4181,2606,1829,777
2021,1,18,2521,1630,95,1535,891,622,269
2021,1,19,3743,2348,128,2220,1395,858,537
2021,1,20,1984,1374,40,1334,610,610,0
2021,1,21,5909,4002,125,3877,1907,1207,700
2021,1,22,11491,7773,370,7403,3718,2975,743
2021,1,23,25481,15459,630,14829,10022,6923,3099
2021,1,24,5611,3222,67,3155,2389,1583,806
2021,1,25,4837,3825,138,3687,1012,591,421
2021,1,26,9987,6804,101,6703,3183,2114,1069
2021,1,27,33614,22287,808,21479,11327,7236,4091
2021,1,28,18943,13192,428,12764,5751,3996,1755
2021,1,29,4540,3224,89,3135,1316,819,497
2021,1,30,3962,2968,119,2849,994,609,385
2021,1,31,1952,1250,6,1244,702,520,182
2021,1,32,1806,1112,5,1107,694,522,172
2021,1,33,7036,4900,135,4765,2136,1418,718
2021,1,34,10644,6753,102,6651,3891,2277,1614
2021,1,35,4632,3752,31,3721,880,576,304
2021,1,36,2545,1807,12,1795,738,538,200
2021,1,37,3290,2441,4,2437,849,600,249
2021,1,38,4808,3421,14,3407,1387,1002,385
2021,1,39,2572,1765,44,1721,807,623,184
2021,1,40,18757,13451,8,13443,5306,3480,1826
2021,1,41,2954,1638,43,1595,1316,916,400
2021,1,42,4632,3244,63,3181,1388,866,522
2021,1,43,6886,4990,86,4904,1896,1253,643
2021,1,44,4375,3322,42,3280,1053,689,364
2021,1,45,3745,2687,12,2675,1058,743,315
2021,1,46,5397,3922,24,3898,1475,1009,466
2021,1,47,4769,3357,92,3265,1412,1012,400
2021,2,1,19606,15198,572,14626,4408,1833,2575
2021,2,2,3844,2694,90,2604,1150,939,211
2021,2,3,3596,2487,104,2383,1109,884,225
2021,2,4,7557,4857,142,4715,2700,1678,1022
2021,2,5,3251,2097,66,2031,1154,840,314
2021,2,6,3286,2248,54,2194,1038,749,289
2021,2,7,5892,4004,53,3951,1888,1199,689
2021,2,8,8556,5895,143,5752,2661,1859,802
2021,2,9,7331,4865,419,4446,2466,1788,678
2021,2,10,7268,4407,115,4292,2861,1908,953
2021,2,11,19481,13675,1109,12566,5806,4019,1787
2021,2,12,18448,12673,413,12260,5775,4212,1563
2021,2,13,45590,29235,1347,27888,16355,10867,5488
2021,2,14,27341,17871,864,17007,9470,6643,2827
2021,2,15,7256,4361,152,4209,2895,2284,611
2021,2,16,3100,1899,70,1829,1201,1201,0
2021,2,17,6554,4042,99,3943,2512,1824,688
2021,2,18,3176,2185,122,2063,991,711,280
2021,2,19,3612,2347,127,2220,1265,772,493
2021,2,20,2483,1781,43,1738,702,702,0
2021,2,21,5616,3842,150,3692,1774,1194,580
2021,2,22,10525,6998,220,6778,3527,2825,702
2021,2,23,23784,14310,579,13731,9474,6517,2957
2021,2,24,5301,3032,80,2952,2269,1518,751
2021,2,25,3898,2927,149,2778,971,574,397
2021,2,26,9498,6353,93,6260,3145,2149,996
2021,2,27,32554,21642,995,20647,10912,7090,3822
2021,2,28,17131,11530,433,11097,5601,3906,1695
2021,2,29,3835,2559,79,2480,1276,845,431
2021,2,30,3590,2672,115,2557,918,563,355
2021,2,31,1841,1200,7,1193,641,471,170
2021,2,32,1801,1097,6,1091,704,554,150
2021,2,33,6353,4367,122,4245,1986,1358,628
2021,2,34,9374,5726,90,5636,3648,2294,1354
2021,2,35,3963,3168,76,3092,795,525,270
2021,2,36,2279,1606,7,1599,673,492,181
2021,2,37,2965,2145,9,2136,820,601,219
2021,2,38,4547,3238,14,3224,1309,970,339
2021,2,39,2252,1491,34,1457,761,599,162
2021,2,40,17094,11900,0,11900,5194,3466,1728
2021,2,41,2901,1637,75,1562,1264,877,387
2021,2,42,4480,3123,74,3049,1357,889,468
2021,2,43,6024,4277,103,4174,1747,1148,599
2021,2,44,3799,2768,43,2725,1031,680,351
2021,2,45,3577,2591,11,2580,986,683,303
2021,2,46,5189,3769,25,3744,1420,987,433
2021,2,47,4664,3342,91,3251,1322,913,409
2021,3,1,21528,16697,700,15997,4831,2013,2818
2021,3,2,4042,2811,79,2732,1231,924,307
2021,3,3,3564,2448,129,2319,1116,814,302
2021,3,4,7546,4937,218,4719,2609,1529,1080
2021,3,5,3461,2244,65,2179,1217,811,406
2021,3,6,3503,2388,98,2290,1115,727,388
2021,3,7,6216,4326,68,4258,1890,1132,758
2021,3,8,8366,5655,194,5461,2711,1854,857
2021,3,9,8202,5597,1118,4479,2605,1846,759
2021,3,10,7714,4884,325,4559,2830,1734,1096
2021,3,11,20749,14745,1163,13582,6004,4026,1978
2021,3,12,19370,13126,488,12638,6244,4443,1801
2021,3,13,47240,29510,1549,27961,17730,11758,5972
2021,3,14,27828,17645,803,16842,10183,6891,3292
2021,3,15,7851,4837,187,4650,3014,2311,703
2021,3,16,3203,1935,62,1873,1268,1268,0
2021,3,17,6479,3958,97,3861,2521,1882,639
2021,3,18,3215,2253,99,2154,962,667,295
2021,3,19,3874,2482,147,2335,1392,880,512
2021,3,20,2500,1777,81,1696,723,723,0
2021,3,21,5528,3704,204,3500,1824,1157,667
2021,3,22,10822,7261,324,6937,3561,2813,748
2021,3,23,25422,15193,720,14473,10229,6938,3291
2021,3,24,5133,2828,89,2739,2305,1485,820
2021,3,25,4324,3338,179,3159,986,563,423
2021,3,26,9832,6500,157,6343,3332,2267,1065
2021,3,27,33330,22117,819,21298,11213,7221,3992
2021,3,28,18141,12455,497,11958,5686,3855,1831
2021,3,29,4108,2719,122,2597,1389,902,487
2021,3,30,3787,2825,146,2679,962,577,385
2021,3,31,1888,1211,9,1202,677,448,229
2021,3,32,1879,1154,5,1149,725,545,180
2021,3,33,6877,4764,116,4648,2113,1427,686
2021,3,34,10281,6375,117,6258,3906,2286,1620
2021,3,35,4347,3481,39,3442,866,526,340
2021,3,36,2389,1682,6,1676,707,500,207
2021,3,37,3034,2133,14,2119,901,667,234
2021,3,38,4401,2953,13,2940,1448,1012,436
2021,3,39,2486,1681,41,1640,805,603,202
2021,3,40,18639,13114,3,13111,5525,3445,2080
2021,3,41,2925,1663,49,1614,1262,865,397
2021,3,42,4875,3394,102,3292,1481,944,537
2021,3,43,6490,4681,134,4547,1809,1147,662
2021,3,44,4318,3219,50,3169,1099,709,390
2021,3,45,3593,2576,12,2564,1017,686,331
2021,3,46,5249,3795,16,3779,1454,971,483
2021,3,47,4634,3315,32,3283,1319,913,406
2021,4,1,20660,16020,778,15242,4640,1836,2804
2021,4,2,3837,2682,86,2596,1155,936,219
2021,4,3,3571,2551,136,2415,1020,764,256
2021,4,4,7538,5100,152,4948,2438,1502,936
2021,4,5,3337,2133,49,2084,1204,826,378
2021,4,6,3351,2333,69,2264,1018,707,311
2021,4,7,6134,4320,56,4264,1814,1100,714
2021,4,8,8487,5881,125,5756,2606,1947,659
2021,4,9,7489,5029,305,4724,2460,1777,683
2021,4,10,7164,4597,164,4433,2567,1555,1012
2021,4,11,19750,14044,873,13171,5706,3670,2036
2021,4,12,17688,11958,391,11567,5730,3785,1945
2021,4,13,46073,29179,1326,27853,16894,11004,5890
2021,4,14,26952,17590,740,16850,9362,6119,3243
2021,4,15,7120,4395,129,4266,2725,2058,667
2021,4,16,3148,2019,62,1957,1129,1129,0
2021,4,17,5853,3604,53,3551,2249,1545,704
2021,4,18,2745,1887,88,1799,858,584,274
2021,4,19,3469,2181,87,2094,1288,818,470
2021,4,20,2326,1642,76,1566,684,684,0
2021,4,21,5308,3553,116,3437,1755,1090,665
2021,4,22,10710,7308,182,7126,3402,2652,750
2021,4,23,22995,13485,494,12991,9510,6349,3161
2021,4,24,5145,2875,38,2837,2270,1417,853
2021,4,25,4052,3111,104,3007,941,536,405
2021,4,26,9089,5914,68,5846,3175,2131,1044
2021,4,27,31508,20725,809,19916,10783,6742,4041
2021,4,28,17290,11938,421,11517,5352,3505,1847
2021,4,29,3886,2567,70,2497,1319,792,527
2021,4,30,3401,2552,125,2427,849,478,371
2021,4,31,1888,1316,3,1313,572,351,221
2021,4,32,1772,1098,3,1095,674,481,193
2021,4,33,6269,4334,107,4227,1935,1354,581
2021,4,34,10003,6217,113,6104,3786,2283,1503
2021,4,35,4355,3541,41,3500,814,512,302
2021,4,36,2229,1538,7,1531,691,487,204
2021,4,37,2968,2086,8,2078,882,664,218
2021,4,38,4176,2815,10,2805,1361,945,416
2021,4,39,2255,1527,47,1480,728,552,176
2021,4,40,17196,12036,2,12034,5160,3375,1785
2021,4,41,2757,1523,75,1448,1234,841,393
2021,4,42,4328,2996,60,2936,1332,863,469
2021,4,43,5945,4218,114,4104,1727,1156,571
2021,4,44,3900,2908,20,2888,992,656,336
2021,4,45,3301,2307,6,2301,994,643,351
2021,4,46,5102,3763,17,3746,1339,927,412
2021,4,47,4372,3062,14,3048,1310,892,418
2021,5,1,21976,17160,823,16337,4816,2021,2795
2021,5,2,4056,2840,73,2767,1216,980,236
2021,5,3,3614,2522,107,2415,1092,800,292
2021,5,4,7982,5281,281,5000,2701,1651,1050
2021,5,5,3391,2156,63,2093,1235,857,378
2021,5,6,3590,2453,92,2361,1137,794,343
2021,5,7,6532,4429,103,4326,2103,1300,803
2021,5,8,8777,5980,103,5877,2797,2157,640
2021,5,9,7628,4981,277,4704,2647,1977,670
2021,5,10,7989,5282,190,5092,2707,1706,1001
2021,5,11,20656,14501,778,13723,6155,4097,2058
2021,5,12,19662,13420,323,13097,6242,4354,1888
2021,5,13,49246,31496,1178,30318,17750,11919,5831
2021,5,14,27551,17531,716,16815,10020,6960,3060
2021,5,15,7837,4649,140,4509,3188,2584,604
2021,5,16,3072,1889,25,1864,1183,1183,0
2021,5,17,6490,4029,66,3963,2461,2011,450
2021,5,18,3088,2122,89,2033,966,719,247
2021,5,19,3659,2301,107,2194,1358,976,382
2021,5,20,2527,1766,41,1725,761,761,0
2021,5,21,5843,4011,223,3788,1832,1180,652
2021,5,22,11187,7477,274,7203,3710,3068,642
2021,5,23,25119,15305,399,14906,9814,6773,3041
2021,5,24,5539,3075,53,3022,2464,1664,800
2021,5,25,4308,3270,84,3186,1038,637,401
2021,5,26,9663,6360,78,6282,3303,2308,995
2021,5,27,32819,21060,647,20413,11759,7704,4055
2021,5,28,18279,12303,390,11913,5976,3986,1990
2021,5,29,4027,2668,88,2580,1359,838,521
2021,5,30,3810,2775,123,2652,1035,621,414
2021,5,31,1916,1266,12,1254,650,402,248
2021,5,32,1949,1263,10,1253,686,483,203
2021,5,33,7061,4899,85,4814,2162,1512,650
2021,5,34,10574,6600,102,6498,3974,2474,1500
2021,5,35,4447,3621,19,3602,826,536,290
2021,5,36,2609,1895,11,1884,714,526,188
2021,5,37,3109,2240,6,2234,869,650,219
2021,5,38,4532,3124,11,3113,1408,1002,406
2021,5,39,2423,1655,32,1623,768,616,152
2021,5,40,18476,13023,6,13017,5453,3733,1720
2021,5,41,2977,1691,53,1638,1286,935,351
2021,5,42,4487,3028,70,2958,1459,959,500
2021,5,43,6361,4531,97,4434,1830,1266,564
2021,5,44,4152,3074,34,3040,1078,717,361
2021,5,45,3523,2447,12,2435,1076,708,368
2021,5,46,5363,3842,10,3832,1521,976,545
2021,5,47,4825,3440,25,3415,1385,976,409
2021,6,1,22033,17284,578,16706,4749,1970,2779
2021,6,2,3943,2824,66,2758,1119,892,227
2021,6,3,3729,2641,144,2497,1088,742,346
2021,6,4,7982,5416,172,5244,2566,1562,1004
2021,6,5,3522,2328,86,2242,1194,797,397
2021,6,6,3556,2441,58,2383,1115,762,353
2021,6,7,6580,4524,203,4321,2056,1278,778
2021,6,8,9342,6685,178,6507,2657,2053,604
2021,6,9,8249,5658,423,5235,2591,1912,679
2021,6,10,7645,4965,175,4790,2680,1600,1080
2021,6,11,20229,14430,878,13552,5799,3611,2188
2021,6,12,19554,13340,435,12905,6214,4343,1871
2021,6,13,47451,30328,1249,29079,17123,11340,5783
2021,6,14,27631,17916,783,17133,9715,6624,3091
2021,6,15,7772,4724,137,4587,3048,2382,666
2021,6,16,2971,1918,68,1850,1053,1053,0
2021,6,17,6475,4084,36,4048,2391,1948,443
2021,6,18,3233,2222,81,2141,1011,718,293
2021,6,19,3744,2286,110,2176,1458,1053,405
2021,6,20,2543,1822,49,1773,721,721,0
2021,6,21,5758,4050,128,3922,1708,1046,662
2021,6,22,11261,7683,269,7414,3578,2839,739
2021,6,23,24394,14771,373,14398,9623,6361,3262
2021,6,24,5427,3107,41,3066,2320,1518,802
2021,6,25,4315,3328,67,3261,987,579,408
2021,6,26,9487,6422,102,6320,3065,2013,1052
2021,6,27,34955,23158,807,22351,11797,7541,4256
2021,6,28,18558,12896,466,12430,5662,3772,1890
2021,6,29,4163,2865,111,2754,1298,817,481
2021,6,30,3748,2843,88,2755,905,532,373
2021,6,31,1973,1329,3,1326,644,394,250
2021,6,32,1944,1222,8,1214,722,502,220
2021,6,33,6856,4697,66,4631,2159,1460,699
2021,6,34,10501,6551,73,6478,3950,2374,1576
2021,6,35,4341,3491,40,3451,850,539,311
2021,6,36,2393,1689,9,1680,704,516,188
2021,6,37,3209,2330,7,2323,879,598,281
2021,6,38,4563,3155,14,3141,1408,963,445
2021,6,39,2419,1632,37,1595,787,590,197
2021,6,40,18615,13107,2,13105,5508,3653,1855
2021,6,41,3162,1822,61,1761,1340,992,348
2021,6,42,4788,3365,83,3282,1423,888,535
2021,6,43,6587,4725,105,4620,1862,1229,633
2021,6,44,4180,3110,18,3092,1070,716,354
2021,6,45,3557,2514,7,2507,1043,698,345
2021,6,46,5214,3772,8,3764,1442,903,539
2021,6,47,4477,3074,16,3058,1403,942,461
2021,7,1,20551,15721,679,15042,4830,1733,3097
2021,7,2,4066,2826,207,2619,1240,984,256
2021,7,3,3774,2602,121,2481,1172,858,314
2021,7,4,7712,4965,213,4752,2747,1704,1043
2021,7,5,3369,2129,94,2035,1240,850,390
2021,7,6,3489,2261,75,2186,1228,871,357
2021,7,7,6153,4072,162,3910,2081,1342,739
2021,7,8,8337,5633,191,5442,2704,2147,557
2021,7,9,7939,5282,808,4474,2657,1963,694
2021,7,10,7443,4655,255,4400,2788,1821,967
2021,7,11,19305,13315,969,12346,5990,3693,2297
2021,7,12,18858,12332,538,11794,6526,4575,1951
2021,7,13,45221,27457,1271,26186,17764,11703,6061
2021,7,14,27045,16798,842,15956,10247,7081,3166
2021,7,15,7847,4568,177,4391,3279,2668,611
2021,7,16,3128,1944,67,1877,1184,1184,0
2021,7,17,6443,3881,83,3798,2562,2110,452
2021,7,18,3158,2105,117,1988,1053,740,313
2021,7,19,3769,2341,107,2234,1428,1026,402
2021,7,20,2333,1605,47,1558,728,728,0
2021,7,21,5693,3779,372,3407,1914,1179,735
2021,7,22,10521,6824,368,6456,3697,3004,693
2021,7,23,23700,13728,482,13246,9972,6788,3184
2021,7,24,5343,2887,47,2840,2456,1631,825
2021,7,25,3942,2960,117,2843,982,553,429
2021,7,26,8839,5576,74,5502,3263,2159,1104
2021,7,27,31887,20166,810,19356,11721,7609,4112
2021,7,28,17589,11905,485,11420,5684,3773,1911
2021,7,29,3995,2630,138,2492,1365,853,512
2021,7,30,3480,2582,98,2484,898,510,388
2021,7,31,1732,1078,3,1075,654,403,251
2021,7,32,1802,1092,6,1086,710,518,192
2021,7,33,6375,4181,86,4095,2194,1507,687
2021,7,34,9788,5582,124,5458,4206,2562,1644
2021,7,35,4005,3169,65,3104,836,511,325
2021,7,36,2298,1519,11,1508,779,579,200
2021,7,37,2980,2034,3,2031,946,680,266
2021,7,38,4387,2904,6,2898,1483,1048,435
2021,7,39,2459,1629,37,1592,830,610,220
2021,7,40,16279,10643,2,10641,5636,3761,1875
2021,7,41,2767,1415,44,1371,1352,1000,352
2021,7,42,4689,3301,90,3211,1388,889,499
2021,7,43,5918,3992,141,3851,1926,1290,636
2021,7,44,3788,2676,15,2661,1112,753,359
2021,7,45,3429,2294,12,2282,1135,795,340
2021,7,46,5322,3791,8,3783,1531,979,552
2021,7,47,4722,3220,39,3181,1502,1092,410
2021,7,0,0,0,0,0,0,0,0
2021,8,1,22662,17736,798,16938,4926,1811,3115
2021,8,2,3876,2619,83,2536,1257,998,259
2021,8,3,3855,2667,103,2564,1188,848,340
2021,8,4,7855,5156,156,5000,2699,1747,952
2021,8,5,3372,2139,57,2082,1233,844,389
2021,8,6,3589,2414,79,2335,1175,796,379
2021,8,7,6307,4214,135,4079,2093,1361,732
2021,8,8,8492,5764,128,5636,2728,2170,558
2021,8,9,7832,5085,333,4752,2747,2099,648
2021,8,10,7726,4791,181,4610,2935,1741,1194
2021,8,11,19999,14078,857,13221,5921,3750,2171
2021,8,12,19164,12601,419,12182,6563,4630,1933
2021,8,13,45529,28327,1425,26902,17202,11223,5979
2021,8,14,27810,17632,812,16820,10178,7130,3048
2021,8,15,7755,4501,202,4299,3254,2626,628
2021,8,16,3225,2032,70,1962,1193,1193,0
2021,8,17,6535,3943,113,3830,2592,2108,484
2021,8,18,3005,2005,59,1946,1000,727,273
2021,8,19,3628,2230,112,2118,1398,968,430
2021,8,20,2400,1576,104,1472,824,824,0
2021,8,21,5783,3894,133,3761,1889,1177,712
2021,8,22,10931,7260,237,7023,3671,2950,721
2021,8,23,23643,13703,589,13114,9940,6731,3209
2021,8,24,5532,3125,67,3058,2407,1673,734
2021,8,25,4090,3123,95,3028,967,536,431
2021,8,26,9661,6437,104,6333,3224,1999,1225
2021,8,27,33121,21305,685,20620,11816,7421,4395
2021,8,28,18143,12218,461,11757,5925,3946,1979
2021,8,29,4208,2854,124,2730,1354,789,565
2021,8,30,3461,2571,112,2459,890,501,389
2021,8,31,1888,1272,6,1266,616,366,250
2021,8,32,1878,1197,15,1182,681,508,173
2021,8,33,6890,4573,76,4497,2317,1553,764
2021,8,34,9973,6155,131,6024,3818,2285,1533
2021,8,35,4386,3494,24,3470,892,569,323
2021,8,36,2292,1538,7,1531,754,578,176
2021,8,37,3144,2222,10,2212,922,658,264
2021,8,38,4331,2966,20,2946,1365,966,399
2021,8,39,2238,1462,35,1427,776,565,211
2021,8,40,17865,12221,2,12219,5644,3823,1821
2021,8,41,2980,1706,61,1645,1274,920,354
2021,8,42,4334,3060,76,2984,1274,819,455
2021,8,43,6375,4533,124,4409,1842,1293,549
2021,8,44,4064,2981,21,2960,1083,747,336
2021,8,45,3760,2568,9,2559,1192,838,354
2021,8,46,5473,3874,19,3855,1599,1017,582
2021,8,47,4381,2982,29,2953,1399,967,432
2021,9,1,22156,17373,700,16673,4783,1790,2993
2021,9,2,4049,2774,103,2671,1275,1031,244
2021,9,3,3740,2586,106,2480,1154,826,328
2021,9,4,7869,5119,178,4941,2750,1866,884
2021,9,5,3325,2145,152,1993,1180,804,376
2021,9,6,3495,2314,63,2251,1181,811,370
2021,9,7,6431,4350,137,4213,2081,1328,753
2021,9,8,8951,6244,107,6137,2707,2200,507
2021,9,9,8231,5559,567,4992,2672,2025,647
2021,9,10,8089,5233,157,5076,2856,1734,1122
2021,9,11,19570,13843,785,13058,5727,3616,2111
2021,9,12,19094,12808,423,12385,6286,4380,1906
2021,9,13,46930,29857,1345,28512,17073,11113,5960
2021,9,14,26599,16967,814,16153,9632,6694,2938
2021,9,15,8232,4943,193,4750,3289,2666,623
2021,9,16,3080,1896,71,1825,1184,1184,0
2021,9,17,6534,3992,84,3908,2542,2077,465
2021,9,18,3140,2165,77,2088,975,710,265
2021,9,19,3719,2338,92,2246,1381,962,419
2021,9,20,2623,1817,73,1744,806,806,0
2021,9,21,6397,4384,167,4217,2013,1273,740
2021,9,22,11589,7767,322,7445,3822,3051,771
2021,9,23,24625,14688,480,14208,9937,6957,2980
2021,9,24,5676,3187,68,3119,2489,1755,734
2021,9,25,4694,3694,153,3541,1000,591,409
2021,9,26,9771,6545,93,6452,3226,2068,1158
2021,9,27,34160,22499,865,21634,11661,7512,4149
2021,9,28,18072,12461,473,11988,5611,3761,1850
2021,9,29,4172,2808,125,2683,1364,803,561
2021,9,30,3765,2829,84,2745,936,549,387
2021,9,31,1832,1215,8,1207,617,352,265
2021,9,32,1855,1127,10,1117,728,517,211
2021,9,33,6568,4487,80,4407,2081,1390,691
2021,9,34,10260,6589,129,6460,3671,2151,1520
2021,9,35,4282,3470,22,3448,812,472,340
2021,9,36,2455,1709,8,1701,746,616,130
2021,9,37,3270,2374,4,2370,896,639,257
2021,9,38,4466,3123,13,3110,1343,965,378
2021,9,39,2337,1539,31,1508,798,596,202
2021,9,40,18272,12510,6,12504,5762,3880,1882
2021,9,41,3154,1807,79,1728,1347,968,379
2021,9,42,4580,3229,118,3111,1351,873,478
2021,9,43,6515,4671,113,4558,1844,1361,483
2021,9,44,4117,3036,19,3017,1081,725,356
2021,9,45,3596,2395,9,2386,1201,868,333
2021,9,46,5583,3974,21,3953,1609,990,619
2021,9,47,4474,3055,25,3030,1419,1010,409
2021,10,1,21646,16880,767,16113,4766,1690,3076
2021,10,2,4226,2948,232,2716,1278,1026,252
2021,10,3,3918,2743,151,2592,1175,796,379
2021,10,4,7811,5063,180,4883,2748,1808,940
2021,10,5,3371,2133,93,2040,1238,835,403
2021,10,6,3594,2410,99,2311,1184,755,429
2021,10,7,6499,4517,211,4306,1982,1209,773
2021,10,8,9264,6485,500,5985,2779,2218,561
2021,10,9,8445,5724,715,5009,2721,1981,740
2021,10,10,7985,5271,647,4624,2714,1627,1087
2021,10,11,20553,14625,996,13629,5928,3596,2332
2021,10,12,19965,13594,520,13074,6371,4340,2031
2021,10,13,47918,30432,1329,29103,17486,11197,6289
2021,10,14,27332,17745,849,16896,9587,6453,3134
2021,10,15,8299,4957,173,4784,3342,2679,663
2021,10,16,3438,2298,122,2176,1140,1140,0
2021,10,17,6651,4196,73,4123,2455,2025,430
2021,10,18,3269,2281,165,2116,988,681,307
2021,10,19,3672,2225,113,2112,1447,978,469
2021,10,20,2442,1726,115,1611,716,716,0
2021,10,21,5912,4020,166,3854,1892,1247,645
2021,10,22,11835,8079,482,7597,3756,3003,753
2021,10,23,25221,14690,509,14181,10531,7244,3287
2021,10,24,5546,3083,53,3030,2463,1662,801
2021,10,25,4324,3316,96,3220,1008,598,410
2021,10,26,9657,6522,68,6454,3135,2005,1130
2021,10,27,34178,22243,861,21382,11935,7475,4460
2021,10,28,18537,12820,510,12310,5717,3715,2002
2021,10,29,4192,2846,149,2697,1346,826,520
2021,10,30,3564,2654,107,2547,910,528,382
2021,10,31,2031,1386,12,1374,645,393,252
2021,10,32,1904,1216,4,1212,688,457,231
2021,10,33,6807,4736,83,4653,2071,1405,666
2021,10,34,10457,6567,186,6381,3890,2442,1448
2021,10,35,4339,3506,57,3449,833,501,332
2021,10,36,2509,1760,11,1749,749,599,150
2021,10,37,3119,2194,6,2188,925,716,209
2021,10,38,4503,3123,21,3102,1380,924,456
2021,10,39,2573,1756,44,1712,817,616,201
2021,10,40,18625,12869,7,12862,5756,3745,2011
2021,10,41,2883,1528,73,1455,1355,959,396
2021,10,42,4687,3253,106,3147,1434,866,568
2021,10,43,6327,4509,105,4404,1818,1339,479
2021,10,44,4019,2958,32,2926,1061,693,368
2021,10,45,3807,2603,7,2596,1204,854,350
2021,10,46,5604,4034,21,4013,1570,1064,506
2021,10,47,5123,3655,28,3627,1468,992,476
2021,11,1,21744,16986,685,16301,4758,1692,3066
2021,11,2,4019,2793,131,2662,1226,973,253
2021,11,3,3599,2532,125,2407,1067,734,333
2021,11,4,7669,5005,181,4824,2664,1777,887
2021,11,5,3314,2157,79,2078,1157,794,363
2021,11,6,3512,2452,87,2365,1060,685,375
2021,11,7,6479,4540,221,4319,1939,1178,761
2021,11,8,8905,6313,599,5714,2592,2089,503
2021,11,9,8121,5553,721,4832,2568,1860,708
2021,11,10,8119,5454,673,4781,2665,1592,1073
2021,11,11,20863,15104,940,14164,5759,3624,2135
2021,11,12,19921,13592,646,12946,6329,4448,1881
2021,11,13,47807,30289,1478,28811,17518,11368,6150
2021,11,14,26969,17717,915,16802,9252,6286,2966
2021,11,15,7761,4673,132,4541,3088,2462,626
2021,11,16,3449,2333,198,2135,1116,1116,0
2021,11,17,6520,4184,72,4112,2336,1906,430
2021,11,18,3148,2161,104,2057,987,661,326
2021,11,19,3757,2331,143,2188,1426,933,493
2021,11,20,2455,1719,45,1674,736,736,0
2021,11,21,5674,3926,352,3574,1748,1094,654
2021,11,22,11335,7739,582,7157,3596,2798,798
2021,11,23,25001,14285,492,13793,10716,7503,3213
2021,11,24,5456,3123,51,3072,2333,1505,828
2021,11,25,4119,3172,78,3094,947,536,411
2021,11,26,9104,6271,95,6176,2833,1673,1160
2021,11,27,33603,22320,864,21456,11283,7041,4242
2021,11,28,17998,12518,460,12058,5480,3605,1875
2021,11,29,4078,2810,92,2718,1268,775,493
2021,11,30,3632,2761,197,2564,871,493,378
2021,11,31,1753,1183,1,1182,570,342,228
2021,11,32,1882,1206,3,1203,676,490,186
2021,11,33,6735,4739,53,4686,1996,1359,637
2021,11,34,10050,6349,93,6256,3701,2234,1467
2021,11,35,4377,3558,85,3473,819,486,333
2021,11,36,2395,1602,5,1597,793,629,164
2021,11,37,3206,2303,5,2298,903,673,230
2021,11,38,4400,3076,11,3065,1324,870,454
2021,11,39,2480,1808,34,1774,672,503,169
2021,11,40,17636,12128,5,12123,5508,3498,2010
2021,11,41,2903,1623,77,1546,1280,972,308
2021,11,42,4674,3356,96,3260,1318,779,539
2021,11,43,6144,4332,87,4245,1812,1305,507
2021,11,44,3950,2922,12,2910,1028,652,376
2021,11,45,3352,2303,9,2294,1049,747,302
2021,11,46,5467,3943,15,3928,1524,1080,444
2021,11,47,4620,3214,21,3193,1406,911,495
2021,12,1,23027,18170,1169,17001,4857,1667,3190
2021,12,2,3996,2840,206,2634,1156,906,250
2021,12,3,3929,2742,108,2634,1187,743,444
2021,12,4,7816,5049,230,4819,2767,1788,979
2021,12,5,3478,2239,58,2181,1239,818,421
2021,12,6,3536,2432,92,2340,1104,669,435
2021,12,7,6541,4612,179,4433,1929,1155,774
2021,12,8,9499,6769,599,6170,2730,2156,574
2021,12,9,9082,6512,1700,4812,2570,1853,717
2021,12,10,8418,5566,730,4836,2852,1686,1166
2021,12,11,20920,15462,1517,13945,5458,3170,2288
2021,12,12,20341,14148,661,13487,6193,4174,2019
2021,12,13,50345,33248,1509,31739,17097,10722,6375
2021,12,14,28358,19375,889,18486,8983,6048,2935
2021,12,15,8096,5044,143,4901,3052,2372,680
2021,12,16,3366,2235,195,2040,1131,1131,0
2021,12,17,6758,4375,86,4289,2383,1920,463
2021,12,18,3373,2357,89,2268,1016,699,317
2021,12,19,4028,2613,120,2493,1415,903,512
2021,12,20,2500,1802,76,1726,698,698,0
2021,12,21,5873,4196,243,3953,1677,1036,641
2021,12,22,12184,8365,456,7909,3819,2935,884
2021,12,23,25654,16083,704,15379,9571,6333,3238
2021,12,24,5443,3225,66,3159,2218,1349,869
2021,12,25,4613,3701,155,3546,912,482,430
2021,12,26,9851,6923,87,6836,2928,1679,1249
2021,12,27,34223,23745,861,22884,10478,5845,4633
2021,12,28,19043,13724,545,13179,5319,3281,2038
2021,12,29,4149,3025,117,2908,1124,606,518
2021,12,30,3905,3029,225,2804,876,507,369
2021,12,31,1826,1239,0,587,366,221,0
2021,12,32,1967,1283,5,1278,684,507,177
2021,12,33,6921,4843,73,4770,2078,1355,723
2021,12,34,10289,6742,189,6553,3547,1985,1562
2021,12,35,4468,3678,42,3636,790,457,333
2021,12,36,2385,1650,9,1641,735,555,180
2021,12,37,3410,2563,17,2546,847,628,219
2021,12,38,4496,3109,13,3096,1387,875,512
2021,12,39,2489,1814,28,1786,675,468,207
2021,12,40,18792,13125,41,13084,5667,3446,2221
2021,12,41,2966,1733,58,1675,1233,914,319
2021,12,42,4806,3423,83,3340,1383,834,549
2021,12,43,6799,4908,89,4819,1891,1424,467
2021,12,44,4254,3240,74,3166,1014,637,377
2021,12,45,3714,2596,7,2589,1118,795,323
2021,12,46,5394,3874,14,3860,1520,1051,469
2021,12,47,4779,3397,36,3361,1382,895,487
2022,1,1,21387,16825,855,15970,4562,1592,2970
2022,1,2,3877,2735,63,2672,1142,892,250
2022,1,3,3629,2557,92,2465,1072,641,431
2022,1,4,8079,5315,200,5115,2764,1739,1025
2022,1,5,3236,2074,31,2043,1162,748,414
2022,1,6,3338,2283,59,2224,1055,671,384
2022,1,7,6426,4463,123,4340,1963,1088,875
2022,1,8,8861,6220,226,5994,2641,2078,563
2022,1,9,8163,5588,676,4912,2575,1885,690
2022,1,10,7753,5004,161,4843,2749,1632,1117
2022,1,11,20458,14863,853,14010,5595,3443,2152
2022,1,12,19208,13217,462,12755,5991,4058,1933
2022,1,13,49725,32628,1276,31352,17097,11090,6007
2022,1,14,26759,17931,888,17043,8828,5964,2864
2022,1,15,8054,4912,106,4806,3142,2544,598
2022,1,16,3215,2082,103,1979,1133,1133,0
2022,1,17,6647,4196,71,4125,2451,1943,508
2022,1,18,3053,2132,160,1972,921,650,271
2022,1,19,3782,2369,114,2255,1413,894,519
2022,1,20,2485,1755,39,1716,730,730,0
2022,1,21,5666,3922,88,3834,1744,1030,714
2022,1,22,11170,7557,337,7220,3613,2839,774
2022,1,23,24325,14675,539,14136,9650,6664,2986
2022,1,24,5419,3177,62,3115,2242,1490,752
2022,1,25,4596,3660,74,3586,936,531,405
2022,1,26,9607,6631,70,6561,2976,1788,1188
2022,1,27,31853,21564,609,20955,10289,5940,4349
2022,1,28,18063,12701,394,12307,5362,3440,1922
2022,1,29,4102,2927,72,2855,1175,655,520
2022,1,30,3623,2739,108,2631,884,503,381
2022,1,31,1728,1158,2,1156,570,350,220
2022,1,32,1792,1165,4,1161,627,454,173
2022,1,33,6555,4696,39,4657,1859,1200,659
2022,1,34,10255,6547,108,6439,3708,2152,1556
2022,1,35,4215,3377,19,3358,838,526,312
2022,1,36,2542,1814,6,1808,728,543,185
2022,1,37,3295,2513,14,2499,782,608,174
2022,1,38,4362,2993,12,2981,1369,947,422
2022,1,39,2320,1577,38,1539,743,515,228
2022,1,40,17963,12559,38,12521,5404,3492,1912
2022,1,41,2849,1568,34,1534,1281,933,348
2022,1,42,4498,3166,66,3100,1332,832,500
2022,1,43,6154,4334,81,4253,1820,1359,461
2022,1,44,4117,3059,23,3036,1058,721,337
2022,1,45,3705,2510,4,2506,1195,861,334
2022,1,46,5497,3996,11,3985,1501,1081,420
2022,1,47,4575,3164,36,3128,1411,905,506
2022,2,1,19487,15214,913,14301,4273,1598,2675
2022,2,2,3837,2679,63,2616,1158,948,210
2022,2,3,3512,2410,80,2330,1102,743,359
2022,2,4,7602,4971,118,4853,2631,1790,841
2022,2,5,2918,1822,16,1806,1096,738,358
2022,2,6,3233,2206,54,2152,1027,706,321
2022,2,7,5994,4099,41,4058,1895,1199,696
2022,2,8,7921,5515,122,5393,2406,1895,511
2022,2,9,7294,4904,337,4567,2390,1742,648
2022,2,10,6984,4527,128,4399,2457,1468,989
2022,2,11,18312,12955,774,12181,5357,3253,2104
2022,2,12,17457,11941,384,11557,5516,3653,1863
2022,2,13,43458,27950,1259,26691,15508,9771,5737
2022,2,14,25061,17003,696,16307,8058,5555,2503
2022,2,15,7290,4561,123,4438,2729,2110,619
2022,2,16,2942,1897,42,1855,1045,1045,0
2022,2,17,6251,4013,71,3942,2238,1839,399
2022,2,18,3007,2065,98,1967,942,640,302
2022,2,19,3324,2236,109,2127,1088,638,450
2022,2,20,2141,1519,36,1483,622,622,0
2022,2,21,5413,3815,121,3694,1598,983,615
2022,2,22,10562,7111,198,6913,3451,2711,740
2022,2,23,22492,13609,440,13169,8883,6062,2821
2022,2,24,5168,3026,88,2938,2142,1400,742
2022,2,25,3948,3084,132,2952,864,492,372
2022,2,26,8805,6031,88,5943,2774,1722,1052
2022,2,27,30895,21389,692,20697,9506,5721,3785
2022,2,28,16509,11839,423,11416,4670,2948,1722
2022,2,29,3776,2638,103,2535,1138,628,510
2022,2,30,3498,2619,101,2518,879,521,358
2022,2,31,1609,1094,1,1093,515,288,227
2022,2,32,1644,993,6,987,651,493,158
2022,2,33,6034,4277,55,4222,1757,1155,602
2022,2,34,9281,5892,92,5800,3389,2010,1379
2022,2,35,4317,3530,74,3456,787,483,304
2022,2,36,2196,1550,5,1545,646,469,177
2022,2,37,2850,2059,9,2050,791,629,162
2022,2,38,4214,2913,8,2905,1301,929,372
2022,2,39,2141,1442,25,1417,699,508,191
2022,2,40,16531,11641,56,11585,4890,3170,1720
2022,2,41,2725,1500,36,1464,1225,881,344
2022,2,42,4263,2957,77,2880,1306,786,520
2022,2,43,5734,4064,89,3975,1670,1209,461
2022,2,44,3770,2782,11,2771,988,662,326
2022,2,45,3797,2693,15,2678,1104,817,287
2022,2,46,5168,3761,17,3744,1407,1036,371
2022,2,47,4201,2865,46,2819,1336,917,419
2022,3,1,22073,17349,913,16436,4724,1774,2950
2022,3,2,3880,2675,69,2606,1205,950,255
2022,3,3,3611,2517,111,2406,1094,713,381
2022,3,4,7632,4953,243,4710,2679,1797,882
2022,3,5,3507,2236,38,2198,1271,865,406
2022,3,6,3724,2606,131,2475,1118,721,397
2022,3,7,6181,4314,99,4215,1867,1122,745
2022,3,8,8767,6222,203,6019,2545,1964,581
2022,3,9,8502,5942,1008,4934,2560,1865,695
2022,3,10,7884,5270,287,4983,2614,1554,1060
2022,3,11,20327,14600,976,13624,5727,3429,2298
2022,3,12,19580,13605,491,13114,5975,3946,2029
2022,3,13,48555,31428,1565,29863,17127,10683,6444
2022,3,14,27228,18205,847,17358,9023,6241,2782
2022,3,15,7817,4912,224,4688,2905,2312,593
2022,3,16,3330,2152,70,2082,1178,1178,0
2022,3,17,7055,4556,119,4437,2499,2040,459
2022,3,18,3181,2274,103,2171,907,636,271
2022,3,19,4010,2584,130,2454,1426,837,589
2022,3,20,2578,1921,67,1854,657,657,0
2022,3,21,5738,4166,163,4003,1572,899,673
2022,3,22,11265,7707,348,7359,3558,2787,771
2022,3,23,25563,16202,691,15511,9361,6216,3145
2022,3,24,5447,3251,75,3176,2196,1374,822
2022,3,25,4367,3448,178,3270,919,500,419
2022,3,26,9679,6562,114,6448,3117,1881,1236
2022,3,27,33816,23571,853,22718,10245,6246,3999
2022,3,28,18486,13143,490,12653,5343,3365,1978
2022,3,29,4224,3029,121,2908,1195,696,499
2022,3,30,3624,2787,136,2651,837,483,354
2022,3,31,1723,1113,4,1109,610,382,228
2022,3,32,1895,1190,8,1182,705,507,198
2022,3,33,6457,4543,74,4469,1914,1271,643
2022,3,34,10154,6581,131,6450,3573,1992,1581
2022,3,35,4313,3481,35,3446,832,506,326
2022,3,36,2262,1607,6,1601,655,438,217
2022,3,37,3238,2352,10,2342,886,712,174
2022,3,38,4361,2974,23,2951,1387,969,418
2022,3,39,2490,1735,33,1702,755,550,205
2022,3,40,17931,12698,64,12634,5233,3363,1870
2022,3,41,2904,1694,64,1630,1210,871,339
2022,3,42,4563,3236,88,3148,1327,843,484
2022,3,43,6203,4451,117,4334,1752,1275,477
2022,3,44,4138,3054,21,3033,1084,741,343
2022,3,45,3794,2598,25,2573,1196,850,346
2022,3,46,5400,3941,18,3923,1459,1072,387
2022,3,47,4232,2836,26,2810,1396,942,454
2022,4,1,20470,15978,825,15153,4492,1482,3010
2022,4,2,3642,2509,74,2435,1133,842,291
2022,4,3,3378,2443,123,2320,935,555,380
2022,4,4,7594,5137,138,4999,2457,1592,865
2022,4,5,3101,2040,37,2003,1061,697,364
2022,4,6,3390,2362,98,2264,1028,621,407
2022,4,7,6163,4372,59,4313,1791,1038,753
2022,4,8,8314,5972,123,5849,2342,1822,520
2022,4,9,7743,5298,301,4997,2445,1727,718
2022,4,10,7327,4983,189,4794,2344,1437,907
2022,4,11,19699,14366,805,13561,5333,3168,2165
2022,4,12,18276,12501,522,11979,5775,3615,2160
2022,4,13,47179,31255,1538,29717,15924,9585,6339
2022,4,14,26229,17610,935,16675,8619,5963,2656
2022,4,15,7603,4822,159,4663,2781,2171,610
2022,4,16,3139,2072,48,2024,1067,1067,0
2022,4,17,6162,4165,67,4098,1997,1630,367
2022,4,18,3072,2144,86,2058,928,662,266
2022,4,19,3644,2384,123,2261,1260,716,544
2022,4,20,2296,1672,58,1614,624,624,0
2022,4,21,5227,3822,175,3647,1405,827,578
2022,4,22,10706,7473,258,7215,3233,2568,665
2022,4,23,23369,13951,621,13330,9418,6231,3187
2022,4,24,5138,3023,47,2976,2115,1324,791
2022,4,25,4285,3427,122,3305,858,467,391
2022,4,26,9072,6126,95,6031,2946,1836,1110
2022,4,27,31368,21682,850,20832,9686,5911,3775
2022,4,28,17763,12556,481,12075,5207,3339,1868
2022,4,29,3955,2829,107,2722,1126,627,499
2022,4,30,3445,2622,105,2517,823,458,365
2022,4,31,1836,1263,1,1262,573,356,217
2022,4,32,1621,1039,5,1034,582,426,156
2022,4,33,6416,4540,83,4457,1876,1267,609
2022,4,34,9418,6050,118,5932,3368,1892,1476
2022,4,35,4443,3615,58,3557,828,542,286
2022,4,36,2409,1713,7,1706,696,514,182
2022,4,37,3173,2353,15,2338,820,612,208
2022,4,38,4350,3014,8,3006,1336,974,362
2022,4,39,2225,1523,35,1488,702,508,194
2022,4,40,17577,12460,74,12386,5117,3209,1908
2022,4,41,2705,1526,71,1455,1179,852,327
2022,4,42,4400,3159,74,3085,1241,763,478
2022,4,43,5542,3862,80,3782,1680,1216,464
2022,4,44,3883,2847,20,2827,1036,702,334
2022,4,45,3530,2437,14,2423,1093,754,339
2022,4,46,5183,3818,20,3798,1365,960,405
2022,4,47,4419,3110,23,3087,1309,809,500
2022,5,1,21109,16353,768,15585,4756,1752,3004
2022,5,2,3953,2764,69,2695,1189,874,315
2022,5,3,3678,2658,118,2540,1020,661,359
2022,5,4,7608,5052,206,4846,2556,1662,894
2022,5,5,3316,2080,42,2038,1236,852,384
2022,5,6,3499,2383,78,2305,1116,729,387
2022,5,7,6173,4222,91,4131,1951,1144,807
2022,5,8,8410,5857,107,5750,2553,2022,531
2022,5,9,7778,5192,287,4905,2586,1934,652
2022,5,10,7828,5190,249,4941,2638,1653,985
2022,5,11,20534,14701,792,13909,5833,3739,2094
2022,5,12,19312,13263,408,12855,6049,4049,2000
2022,5,13,48533,31625,1368,30257,16908,10590,6318
2022,5,14,27335,17672,777,16895,9663,7063,2600
2022,5,15,7894,4945,159,4786,2949,2371,578
2022,5,16,3162,2008,15,1993,1154,1154,0
2022,5,17,6143,3959,56,3903,2184,1820,364
2022,5,18,3066,2123,116,2007,943,647,296
2022,5,19,3612,2307,118,2189,1305,812,493
2022,5,20,2572,1834,42,1792,738,738,0
2022,5,21,5486,3899,195,3704,1587,951,636
2022,5,22,11197,7768,260,7508,3429,2693,736
2022,5,23,25394,14983,508,14475,10411,7163,3248
2022,5,24,5517,3178,73,3105,2339,1622,717
2022,5,25,4562,3625,90,3535,937,540,397
2022,5,26,9470,6507,106,6401,2963,1859,1104
2022,5,27,33063,22188,795,21393,10875,7316,3559
2022,5,28,18347,12768,444,12324,5579,3629,1950
2022,5,29,4034,2818,103,2715,1216,658,558
2022,5,30,3587,2707,94,2613,880,490,390
2022,5,31,1972,1370,4,1366,602,383,219
2022,5,32,1851,1213,7,1206,638,460,178
2022,5,33,6307,4381,76,4305,1926,1361,565
2022,5,34,10102,6478,112,6366,3624,2184,1440
2022,5,35,4487,3675,25,3650,812,552,260
2022,5,36,2426,1693,4,1689,733,567,166
2022,5,37,3163,2294,12,2282,869,630,239
2022,5,38,4518,3044,10,3034,1474,1081,393
2022,5,39,2433,1675,22,1653,758,555,203
2022,5,40,18533,13021,73,12948,5512,3681,1831
2022,5,41,2829,1645,67,1578,1184,890,294
2022,5,42,4648,3297,95,3202,1351,848,503
2022,5,43,5896,4145,70,4075,1751,1277,474
2022,5,44,4027,2954,42,2912,1073,775,298
2022,5,45,3426,2272,13,2259,1154,812,342
2022,5,46,5293,3795,24,3771,1498,1037,461
2022,5,47,4272,2983,21,2962,1289,814,475
2022,6,1,22200,17624,807,16817,4576,1595,2981
2022,6,2,4069,2934,91,2843,1135,860,275
2022,6,3,3615,2622,95,2527,993,666,327
2022,6,4,7677,5286,174,5112,2391,1454,937
2022,6,5,3201,2106,56,2050,1095,735,360
2022,6,6,3603,2518,81,2437,1085,731,354
2022,6,7,6463,4560,262,4298,1903,1082,821
2022,6,8,9223,6514,213,6301,2709,2196,513
2022,6,9,7864,5430,408,5022,2434,1789,645
2022,6,10,7505,4949,188,4761,2556,1626,930
2022,6,11,19790,14326,829,13497,5464,3634,1830
2022,6,12,19519,13472,448,13024,6047,4093,1954
2022,6,13,46892,30725,1438,29287,16167,9865,6302
2022,6,14,27159,17992,821,17171,9167,6552,2615
2022,6,15,7856,5057,127,4930,2799,2153,646
2022,6,16,2999,1978,49,1929,1021,1021,0
2022,6,17,6312,4177,42,4135,2135,1771,364
2022,6,18,3186,2280,75,2205,906,658,248
2022,6,19,3656,2312,117,2195,1344,868,476
2022,6,20,2420,1785,27,1758,635,635,0
2022,6,21,5704,4063,140,3923,1641,1049,592
2022,6,22,10921,7617,362,7255,3304,2588,716
2022,6,23,24865,14961,570,14391,9904,6757,3147
2022,6,24,5328,3101,46,3055,2227,1500,727
2022,6,25,4617,3733,77,3656,884,483,401
2022,6,26,9479,6523,85,6438,2956,1687,1269
2022,6,27,32695,22179,839,21340,10516,6801,3715
2022,6,28,18008,12647,533,12114,5361,3402,1959
2022,6,29,4029,2870,110,2760,1159,660,499
2022,6,30,3477,2649,76,2573,828,481,347
2022,6,31,1960,1334,2,1332,626,432,194
2022,6,32,1749,1120,5,1115,629,462,167
2022,6,33,6523,4598,44,4554,1925,1324,601
2022,6,34,10181,6624,99,6525,3557,2048,1509
2022,6,35,4388,3631,26,3605,757,479,278
2022,6,36,2432,1711,3,1708,721,541,180
2022,6,37,3174,2312,7,2305,862,623,239
2022,6,38,4685,3178,5,3173,1507,1083,424
2022,6,39,2407,1716,15,1701,691,489,202
2022,6,40,18608,13197,69,13128,5411,3447,1964
2022,6,41,3175,1890,56,1834,1285,985,300
2022,6,42,4884,3535,69,3466,1349,896,453
2022,6,43,6012,4348,84,4264,1664,1210,454
2022,6,44,3973,2971,11,2960,1002,717,285
2022,6,45,3905,2780,19,2761,1125,768,357
2022,6,46,6105,4741,27,4714,1364,930,434
2022,6,47,4713,3428,23,3405,1285,817,468
2022,7,1,21372,16619,817,15802,4753,1792,2961
2022,7,2,4062,2822,164,2658,1240,951,289
2022,7,3,3687,2575,126,2449,1112,738,374
2022,7,4,7677,5100,187,4913,2577,1613,964
2022,7,5,3242,2077,86,1991,1165,800,365
2022,7,6,3375,2201,107,2094,1174,784,390
2022,7,7,6490,4401,172,4229,2089,1266,823
2022,7,8,8930,6334,251,6083,2596,2042,554
2022,7,9,7873,5302,795,4507,2571,1850,721
2022,7,10,7820,5078,266,4812,2742,1781,961
2022,7,11,20385,14671,1044,13627,5714,3588,2126
2022,7,12,19843,13299,704,12595,6544,4440,2104
2022,7,13,46633,29736,1381,28355,16897,10260,6637
2022,7,14,27266,17367,889,16478,9899,6960,2939
2022,7,15,7987,4844,195,4649,3143,2458,685
2022,7,16,3034,1900,12,1888,1134,1134,0
2022,7,17,6348,4076,83,3993,2272,1909,363
2022,7,18,3149,2178,87,2091,971,712,259
2022,7,19,3818,2403,112,2291,1415,925,490
2022,7,20,2379,1662,108,1554,717,717,0
2022,7,21,5828,4075,389,3686,1753,1070,683
2022,7,22,10910,7538,420,7118,3372,2685,687
2022,7,23,25380,14873,703,14170,10507,7379,3128
2022,7,24,5637,3261,73,3188,2376,1631,745
2022,7,25,4509,3597,138,3459,912,498,414
2022,7,26,9426,6319,90,6229,3107,1734,1373
2022,7,27,32524,21066,797,20269,11458,7511,3947
2022,7,28,18252,12576,514,12062,5676,3657,2019
2022,7,29,4208,2935,176,2759,1273,773,500
2022,7,30,3466,2617,157,2460,849,470,379
2022,7,31,1897,1248,3,1245,649,453,196
2022,7,32,1702,1065,10,1055,637,423,214
2022,7,33,6146,4201,55,4146,1945,1342,603
2022,7,34,9847,6118,105,6013,3729,2123,1606
2022,7,35,4237,3351,28,3323,886,559,327
2022,7,36,2354,1598,4,1594,756,565,191
2022,7,37,3182,2246,4,2242,936,730,206
2022,7,38,4260,2710,3,2707,1550,1166,384
2022,7,39,2505,1694,24,1670,811,587,224
2022,7,40,17566,12192,57,12135,5374,3389,1985
2022,7,41,2892,1566,57,1509,1326,1007,319
2022,7,42,4618,3262,99,3163,1356,909,447
2022,7,43,5953,4183,75,4108,1770,1227,543
2022,7,44,3827,2781,22,2759,1046,753,293
2022,7,45,3382,2210,8,2202,1172,792,380
2022,7,46,5182,3840,25,3815,1342,902,440
2022,7,47,4462,3125,25,3100,1337,870,467
2022,8,1,20946,16274,677,15597,4672,1999,2673
2022,8,2,3664,2548,83,2465,1116,870,246
2022,8,3,3408,2360,113,2247,1048,722,326
2022,8,4,7649,5170,153,5017,2479,1495,984
2022,8,5,3189,2018,38,1980,1171,806,365
2022,8,6,3527,2405,95,2310,1122,745,377
2022,8,7,6120,4205,105,4100,1915,1138,777
2022,8,8,8187,5711,138,5573,2476,1924,552
2022,8,9,7470,5042,301,4741,2428,1765,663
2022,8,10,7414,4941,177,4764,2473,1528,945
2022,8,11,19706,14024,788,13236,5682,3537,2145
2022,8,12,18427,12354,393,11961,6073,4037,2036
2022,8,13,45913,29574,1326,28248,16339,9783,6556
2022,8,14,26598,16766,819,15947,9832,6939,2893
2022,8,15,7455,4574,212,4362,2881,2214,667
2022,8,16,2955,1957,19,1938,998,998,0
2022,8,17,6161,3899,102,3797,2262,1912,350
2022,8,18,2970,2086,44,2042,884,663,221
2022,8,19,3567,2152,95,2057,1415,934,481
2022,8,20,2203,1565,114,1451,638,638,0
2022,8,21,5484,3773,134,3639,1711,994,717
2022,8,22,10525,7260,252,7008,3265,2612,653
2022,8,23,23951,13670,635,13035,10281,7015,3266
2022,8,24,5187,2986,57,2929,2201,1537,664
2022,8,25,4134,3285,93,3192,849,426,423
2022,8,26,9189,6093,94,5999,3096,1745,1351
2022,8,27,31938,20971,607,20364,10967,6991,3976
2022,8,28,17624,12147,463,11684,5477,3460,2017
2022,8,29,4108,2827,127,2700,1281,778,503
2022,8,30,3252,2597,77,2520,655,365,290
2022,8,31,1889,1307,2,1305,582,405,177
2022,8,32,1803,1157,5,1152,646,455,191
2022,8,33,6369,4291,68,4223,2078,1409,669
2022,8,34,9767,6173,88,6085,3594,1974,1620
2022,8,35,4118,3300,28,3272,818,516,302
2022,8,36,2053,1397,4,1393,656,490,166
2022,8,37,3099,2227,1,2226,872,679,193
2022,8,38,4132,2618,3,2615,1514,1147,367
2022,8,39,2273,1566,23,1543,707,485,222
2022,8,40,17259,12108,41,12067,5151,3060,2091
2022,8,41,2713,1557,60,1497,1156,852,304
2022,8,42,4060,2820,57,2763,1240,776,464
2022,8,43,5680,3834,78,3756,1846,1271,575
2022,8,44,3647,2670,22,2648,977,673,304
2022,8,45,3610,2488,9,2479,1122,749,373
2022,8,46,4952,3516,16,3500,1436,961,475
2022,8,47,4150,2933,17,2916,1217,780,437
2022,9,1,20635,16047,683,15364,4588,2011,2577
2022,9,2,3799,2682,116,2566,1117,868,249
2022,9,3,3546,2475,90,2385,1071,733,338
2022,9,4,7454,4988,205,4783,2466,1500,966
2022,9,5,3120,2013,163,1850,1107,735,372
2022,9,6,3344,2246,79,2167,1098,714,384
2022,9,7,6003,4151,143,4008,1852,1054,798
2022,9,8,8696,6334,570,5764,2362,1855,507
2022,9,9,7526,5089,642,4447,2437,1760,677
2022,9,10,7599,4941,419,4522,2658,1734,924
2022,9,11,19459,14062,837,13225,5397,3462,1935
2022,9,12,18976,12793,592,12201,6183,4179,2004
2022,9,13,45050,28599,1346,27253,16451,9816,6635
2022,9,14,26704,17226,818,16408,9478,6738,2740
2022,9,15,7519,4754,159,4595,2765,2168,597
2022,9,16,2925,1882,41,1841,1043,1043,0
2022,9,17,5954,3862,61,3801,2092,1734,358
2022,9,18,3025,2099,97,2002,926,667,259
2022,9,19,3606,2209,121,2088,1397,880,517
2022,9,20,2336,1724,67,1657,612,612,0
2022,9,21,5282,3673,133,3540,1609,960,649
2022,9,22,10455,7298,502,6796,3157,2437,720
2022,9,23,23730,13892,554,13338,9838,6827,3011
2022,9,24,4968,2857,50,2807,2111,1484,627
2022,9,25,4339,3444,143,3301,895,499,396
2022,9,26,9470,6359,90,6269,3111,1738,1373
2022,9,27,30995,20550,736,19814,10445,6497,3948
2022,9,28,17517,12421,449,11972,5096,3107,1989
2022,9,29,3976,2732,125,2607,1244,737,507
2022,9,30,3400,2614,124,2490,786,416,370
2022,9,31,1861,1278,3,1275,583,392,191
2022,9,32,1798,1179,1,1178,619,407,212
2022,9,33,6261,4344,60,4284,1917,1261,656
2022,9,34,9794,6185,83,6102,3609,1873,1736
2022,9,35,3931,3235,38,3197,696,428,268
2022,9,36,2220,1579,10,1569,641,483,158
2022,9,37,2960,2159,8,2151,801,584,217
2022,9,38,4594,3123,10,3113,1471,1149,322
2022,9,39,2211,1525,20,1505,686,484,202
2022,9,40,17931,12861,28,12833,5070,3157,1913
2022,9,41,2721,1518,31,1487,1203,894,309
2022,9,42,4518,3284,79,3205,1234,786,448
2022,9,43,6235,4543,73,4470,1692,1183,509
2022,9,44,3828,2884,25,2859,944,646,298
2022,9,45,3225,2243,7,2236,982,648,334
2022,9,46,4917,3612,7,3605,1305,851,454
2022,9,47,4250,2916,14,2902,1334,961,373
2022,10,1,21698,16971,921,16050,4727,1846,2881
2022,10,2,4240,3024,248,2776,1216,986,230
2022,10,3,3732,2660,107,2553,1072,736,336
2022,10,4,7822,5210,167,5043,2612,1549,1063
2022,10,5,3224,2074,83,1991,1150,776,374
2022,10,6,3617,2456,72,2384,1161,760,401
2022,10,7,6450,4478,191,4287,1972,1179,793
2022,10,8,9308,6759,604,6155,2549,2009,540
2022,10,9,8251,5777,713,5064,2474,1719,755
2022,10,10,7913,5188,664,4524,2725,1753,972
2022,10,11,20272,14563,1172,13391,5709,3613,2096
2022,10,12,19661,13239,476,12763,6422,4408,2014
2022,10,13,47632,30569,1462,29107,17063,10438,6625
2022,10,14,28356,18431,966,17465,9925,6927,2998
2022,10,15,7967,4892,148,4744,3075,2359,716
2022,10,16,3163,2104,145,1959,1059,1059,0
2022,10,17,6507,4281,46,4235,2226,1831,395
2022,10,18,2610,2115,117,1998,495,304,191
2022,10,19,3864,2403,124,2279,1461,843,618
2022,10,20,2420,1733,90,1643,687,687,0
2022,10,21,5710,4040,255,3785,1670,992,678
2022,10,22,11624,8215,632,7583,3409,2651,758
2022,10,23,26355,15690,668,15022,10665,7506,3159
2022,10,24,5585,3243,54,3189,2342,1590,752
2022,10,25,4467,3531,118,3413,936,511,425
2022,10,26,9844,6592,78,6514,3252,1778,1474
2022,10,27,33833,22555,817,21738,11278,7000,4278
2022,10,28,18230,12615,453,12162,5615,3452,2163
2022,10,29,4208,2932,130,2802,1276,738,538
2022,10,30,3614,2758,192,2566,856,450,406
2022,10,31,2022,1383,5,1378,639,417,222
2022,10,32,1890,1261,4,1257,629,437,192
2022,10,33,6997,4857,55,4802,2140,1423,717
2022,10,34,10060,6412,116,6296,3648,2066,1582
2022,10,35,4692,3896,29,3867,796,515,281
2022,10,36,2356,1668,10,1658,688,525,163
2022,10,37,3181,2326,4,2322,855,625,230
2022,10,38,4935,3335,12,3323,1600,1113,487
2022,10,39,2575,1755,28,1727,820,623,197
2022,10,40,18222,12690,48,12642,5532,3492,2040
2022,10,41,2777,1542,29,1513,1235,904,331
2022,10,42,4741,3251,63,3188,1490,983,507
2022,10,43,6403,4573,64,4509,1830,1322,508
2022,10,44,3888,2858,34,2824,1030,725,305
2022,10,45,3758,2633,9,2624,1125,763,362
2022,10,46,5620,4110,20,4090,1510,978,532
2022,10,47,4830,3457,18,3439,1373,987,386
2022,11,1,20454,15837,750,15087,4617,2004,2613
2022,11,2,3892,2790,151,2639,1102,862,240
2022,11,3,3334,2333,86,2247,1001,676,325
2022,11,4,7378,4901,162,4739,2477,1520,957
2022,11,5,3231,2108,54,2054,1123,748,375
2022,11,6,3496,2393,75,2318,1103,722,381
2022,11,7,6206,4275,152,4123,1931,1157,774
2022,11,8,8810,6398,553,5845,2412,1960,452
2022,11,9,7713,5313,587,4726,2400,1658,742
2022,11,10,7522,4964,366,4598,2558,1546,1012
2022,11,11,19634,14184,948,13236,5450,3500,1950
2022,11,12,18919,12678,690,11988,6241,4249,1992
2022,11,13,46705,30339,1503,28836,16366,10307,6059
2022,11,14,26646,16905,916,15989,9741,6642,3099
2022,11,15,7701,4892,110,4782,2809,2155,654
2022,11,16,3135,2114,150,1964,1021,1021,0
2022,11,17,5832,3876,37,3839,1956,1558,398
2022,11,18,2489,2005,69,1936,484,274,210
2022,11,19,3741,2311,133,2178,1430,898,532
2022,11,20,2401,1773,39,1734,628,628,0
2022,11,21,5489,3890,213,3677,1599,985,614
2022,11,22,10799,7607,619,6988,3192,2509,683
2022,11,23,24935,14455,509,13946,10480,7580,2900
2022,11,24,5486,3180,49,3131,2306,1607,699
2022,11,25,4750,3899,76,3823,851,446,405
2022,11,26,9375,6515,100,6415,2860,1500,1360
2022,11,27,32531,22070,666,21404,10461,6419,4042
2022,11,28,18104,13039,408,12631,5065,3018,2047
2022,11,29,4151,2974,160,2814,1177,674,503
2022,11,30,3734,2929,216,2713,805,444,361
2022,11,31,1862,1263,2,1261,599,373,226
2022,11,32,1797,1179,5,1174,618,437,181
2022,11,33,6664,4720,52,4668,1944,1309,635
2022,11,34,9359,5924,74,5850,3435,2021,1414
2022,11,35,4141,3350,64,3286,791,481,310
2022,11,36,2170,1469,10,1459,701,555,146
2022,11,37,3039,2200,8,2192,839,612,227
2022,11,38,4688,3216,9,3207,1472,962,510
2022,11,39,2599,1831,21,1810,768,572,196
2022,11,40,17718,12616,27,12589,5102,3287,1815
2022,11,41,2878,1755,34,1721,1123,825,298
2022,11,42,4469,3152,65,3087,1317,859,458
2022,11,43,6097,4419,58,4361,1678,1144,534
2022,11,44,3815,2865,11,2854,950,660,290
2022,11,45,3357,2350,11,2339,1007,654,353
2022,11,46,5081,3721,21,3700,1360,850,510
2022,11,47,4495,3196,15,3181,1299,890,409
2022,12,1,22119,17500,1130,16370,4619,1834,2785
2022,12,2,4244,3117,109,3008,1127,869,258
2022,12,3,3818,2762,114,2648,1056,681,375
2022,12,4,8249,5703,171,5532,2546,1524,1022
2022,12,5,3337,2163,56,2107,1174,759,415
2022,12,6,3680,2584,83,2501,1096,695,401
2022,12,7,6752,4761,124,4637,1991,1170,821
2022,12,8,8708,6433,508,5925,2325,1786,539
2022,12,9,8142,5701,1081,4620,2441,1694,747
2022,12,10,7708,5199,517,4682,2509,1458,1051
2022,12,11,20868,15729,1283,14446,5139,2884,2255
2022,12,12,20401,14151,497,13654,6250,4085,2165
2022,12,13,49967,33876,1508,32368,16091,9897,6194
2022,12,14,29495,19571,826,18745,9924,6828,3096
2022,12,15,6815,4337,110,4227,2478,1960,518
2022,12,16,3204,2185,156,2029,1019,1019,0
2022,12,17,6522,4453,90,4363,2069,1590,479
2022,12,18,3190,2378,66,2312,812,572,240
2022,12,19,3750,2395,118,2277,1355,770,585
2022,12,20,2297,1678,54,1624,619,619,0
2022,12,21,5617,4095,213,3882,1522,860,662
2022,12,22,11258,8022,426,7596,3236,2514,722
2022,12,23,24945,15603,756,14847,9342,6228,3114
2022,12,24,5278,3196,60,3136,2082,1369,713
2022,12,25,4441,3636,169,3467,805,375,430
2022,12,26,9765,6869,101,6768,2896,1475,1421
2022,12,27,32537,22620,669,21951,9917,5739,4178
2022,12,28,18021,13448,483,12965,4573,2547,2026
2022,12,29,4237,3111,131,2980,1126,604,522
2022,12,30,3702,2924,147,2777,778,430,348
2022,12,31,1959,1361,4,109,101,109,88
2022,12,32,1874,1219,5,1214,655,454,201
2022,12,33,7226,4957,51,4906,2269,1553,716
2022,12,34,9777,6334,80,6254,3443,1990,1453
2022,12,35,4360,3612,31,3581,748,465,283
2022,12,36,2278,1575,10,1565,703,542,161
2022,12,37,3187,2394,15,2379,793,566,227
2022,12,38,4427,2893,10,2883,1534,1002,532
2022,12,39,2516,1800,21,1779,716,533,183
2022,12,40,18266,12907,44,12863,5359,3391,1968
2022,12,41,2642,1544,17,1527,1098,767,331
2022,12,42,4455,3156,73,3083,1299,790,509
2022,12,43,6184,4475,66,4409,1709,1162,547
2022,12,44,3941,2995,55,2940,946,645,301
2022,12,45,3701,2590,9,2581,1111,736,375
2022,12,46,5527,4106,16,4090,1421,903,518
2022,12,47,4835,3436,15,3421,1399,966,433
2023,1,1,21897,17251,847,16404,4646,1816,2830
2023,1,2,3815,2718,105,2613,1097,800,297
2023,1,3,3681,2575,85,2490,1106,749,357
2023,1,4,7612,5157,180,4977,2455,1580,875
2023,1,5,3174,2048,46,2002,1126,735,391
2023,1,6,3614,2516,89,2427,1098,734,364
2023,1,7,6411,4332,165,4167,2079,1327,752
2023,1,8,8398,6108,180,5928,2290,1802,488
2023,1,9,7931,5524,686,4838,2407,1717,690
2023,1,10,7389,5028,164,4864,2361,1378,983
2023,1,11,19548,14293,711,13582,5255,3057,2198
2023,1,12,19828,13471,342,13129,6357,4246,2111
2023,1,13,47983,32111,1259,30852,15872,9647,6225
2023,1,14,28228,18693,748,17945,9535,6429,3106
2023,1,15,7432,4773,89,4684,2659,1974,685
2023,1,16,3040,1969,65,1904,1071,1071,0
2023,1,17,6184,4118,50,4068,2066,1625,441
2023,1,18,3100,2161,144,2017,939,658,281
2023,1,19,3624,2256,88,2168,1368,854,514
2023,1,20,2344,1687,37,1650,657,657,0
2023,1,21,5529,3954,128,3826,1575,915,660
2023,1,22,11007,7923,443,7480,3084,2407,677
2023,1,23,24716,15358,574,14784,9358,6477,2881
2023,1,24,5320,3186,56,3130,2134,1503,631
2023,1,25,4437,3592,103,3489,845,474,371
2023,1,26,9462,6476,97,6379,2986,1681,1305
2023,1,27,31547,21389,481,20908,10158,6355,3803
2023,1,28,17752,12745,355,12390,5007,3017,1990
2023,1,29,4101,2909,87,2822,1192,698,494
2023,1,30,3406,2610,97,2513,796,465,331
2023,1,31,1815,1180,0,102,111,119,99
2023,1,32,1691,1084,6,1078,607,447,160
2023,1,33,6191,4236,42,4194,1955,1303,652
2023,1,34,9815,6278,70,6208,3537,2109,1428
2023,1,35,4070,3293,13,3280,777,491,286
2023,1,36,2385,1675,10,1665,710,540,170
2023,1,37,3118,2346,5,2341,772,555,217
2023,1,38,4216,2822,8,2814,1394,917,477
2023,1,39,2411,1641,19,1622,770,583,187
2023,1,40,17811,12443,22,12421,5368,3701,1667
2023,1,41,2645,1477,20,1457,1168,830,338
2023,1,42,4389,2992,39,2953,1397,887,510
2023,1,43,6146,4287,69,4218,1859,1341,518
2023,1,44,3934,2945,25,2920,989,673,316
2023,1,45,3484,2394,11,2383,1090,734,356
2023,1,46,5010,3559,15,3544,1451,939,512
2023,1,47,4556,3164,50,3114,1392,951,441
2023,2,1,20543,16217,777,15440,4326,1619,2707
2023,2,2,3679,2634,61,2573,1045,821,224
2023,2,3,3671,2597,95,2502,1074,725,349
2023,2,4,7383,4927,103,4824,2456,1559,897
2023,2,5,3119,2027,37,1990,1092,727,365
2023,2,6,3236,2172,49,2123,1064,703,361
2023,2,7,6445,4370,79,4291,2075,1327,748
2023,2,8,8400,5993,135,5858,2407,1956,451
2023,2,9,7514,5159,332,4827,2355,1681,674
2023,2,10,7217,4727,149,4578,2490,1565,925
2023,2,11,19365,14204,907,13297,5161,3187,1974
2023,2,12,19198,13125,411,12714,6073,4170,1903
2023,2,13,44429,29211,1287,27924,15218,9370,5848
2023,2,14,26782,17437,875,16562,9345,6614,2731
2023,2,15,8012,5163,127,5036,2849,2178,671
2023,2,16,2892,1865,41,1824,1027,1027,0
2023,2,17,5916,3852,26,3826,2064,1569,495
2023,2,18,3167,2269,79,2190,898,607,291
2023,2,19,3825,2516,118,2398,1309,749,560
2023,2,20,2327,1711,46,1665,616,616,0
2023,2,21,5531,3980,134,3846,1551,905,646
2023,2,22,10575,7570,386,7184,3005,2347,658
2023,2,23,24981,15672,537,15135,9309,6713,2596
2023,2,24,5363,3183,40,3143,2180,1562,618
2023,2,25,4358,3492,103,3389,866,502,364
2023,2,26,9249,6409,76,6333,2840,1560,1280
2023,2,27,31017,21102,657,20445,9915,6244,3671
2023,2,28,17017,12428,397,12031,4589,2669,1920
2023,2,29,4018,2852,109,2743,1166,738,428
2023,2,30,3747,2960,113,2847,787,451,336
2023,2,31,1907,1306,2,1304,601,406,195
2023,2,32,1809,1156,4,1152,653,479,174
2023,2,33,6792,4550,51,4499,2242,1538,704
2023,2,34,9592,6013,80,5933,3579,2381,1198
2023,2,35,4136,3380,26,3354,756,484,272
2023,2,36,2269,1624,10,1614,645,504,141
2023,2,37,3133,2386,4,2382,747,547,200
2023,2,38,4361,2959,10,2949,1402,985,417
2023,2,39,2318,1560,25,1535,758,589,169
2023,2,40,18583,13058,28,13030,5525,3911,1614
2023,2,41,2838,1708,30,1678,1130,826,304
2023,2,42,4463,3124,75,3049,1339,834,505
2023,2,43,6144,4391,59,4332,1753,1253,500
2023,2,44,3836,2860,19,2841,976,699,277
2023,2,45,3427,2442,9,2433,985,656,329
2023,2,46,5598,4182,30,4152,1416,939,477
2023,2,47,4548,3337,34,3303,1211,841,370
2023,3,1,21586,16734,657,16077,4852,2005,2847
2023,3,2,4068,2871,41,2830,1197,913,284
2023,3,3,3556,2525,115,2410,1031,649,382
2023,3,4,7757,5219,188,5031,2538,1602,936
2023,3,5,3147,2082,47,2035,1065,702,363
2023,3,6,3691,2528,79,2449,1163,781,382
2023,3,7,6147,4249,92,4157,1898,1153,745
2023,3,8,8862,6350,319,6031,2512,2073,439
2023,3,9,8120,5559,591,4968,2561,1859,702
2023,3,10,7518,5074,295,4779,2444,1527,917
2023,3,11,20097,14604,937,13667,5493,3394,2099
2023,3,12,19900,14044,491,13553,5856,3831,2025
2023,3,13,48489,31701,1785,29916,16788,10641,6147
2023,3,14,29016,18712,863,17849,10304,7238,3066
2023,3,15,7754,4845,190,4655,2909,2187,722
2023,3,16,3062,1976,5,1971,1086,1086,0
2023,3,17,6494,4250,100,4150,2244,1689,555
2023,3,18,3207,2274,97,2177,933,612,321
2023,3,19,3913,2477,142,2335,1436,856,580
2023,3,20,2489,1778,86,1692,711,711,0
2023,3,21,5769,4021,142,3879,1748,1007,741
2023,3,22,11297,8017,355,7662,3280,2539,741
2023,3,23,25669,15656,685,14971,10013,7198,2815
2023,3,24,5566,3256,74,3182,2310,1726,584
2023,3,25,4265,3360,124,3236,905,515,390
2023,3,26,9609,6658,127,6531,2951,1610,1341
2023,3,27,32823,22016,708,21308,10807,6903,3904
2023,3,28,18243,13174,424,12750,5069,2950,2119
2023,3,29,4202,2955,115,2840,1247,736,511
2023,3,30,3571,2769,61,2708,802,419,383
2023,3,31,1946,1313,7,1306,633,433,200
2023,3,32,1826,1190,8,1182,636,467,169
2023,3,33,7359,4889,61,4828,2470,1712,758
2023,3,34,10083,6413,93,6320,3670,2367,1303
2023,3,35,4412,3636,22,3614,776,504,272
2023,3,36,2374,1709,10,1699,665,520,145
2023,3,37,3247,2395,12,2383,852,639,213
2023,3,38,4475,3033,10,3023,1442,1008,434
2023,3,39,2424,1645,27,1618,779,607,172
2023,3,40,19419,13545,57,13488,5874,3975,1899
2023,3,41,2971,1751,24,1727,1220,901,319
2023,3,42,4728,3359,85,3274,1369,837,532
2023,3,43,6457,4508,75,4433,1949,1465,484
2023,3,44,4060,2981,22,2959,1079,709,370
2023,3,45,3453,2478,10,2468,975,602,373
2023,3,46,5513,4027,21,4006,1486,976,510
2023,3,47,4840,3476,38,3438,1364,955,409
2023,4,1,20375,15718,871,14847,4657,1716,2941
2023,4,2,3797,2737,74,2663,1060,779,281
2023,4,3,3622,2646,140,2506,976,571,405
2023,4,4,7719,5407,149,5258,2312,1394,918
2023,4,5,3050,2052,69,1983,998,677,321
2023,4,6,3423,2381,59,2322,1042,589,453
2023,4,7,6187,4395,85,4310,1792,986,806
2023,4,8,8405,6169,114,6055,2236,1768,468
2023,4,9,7665,5278,258,5020,2387,1686,701
2023,4,10,7132,4780,175,4605,2352,1473,879
2023,4,11,19903,14692,832,13860,5211,3259,1952
2023,4,12,19423,13302,486,12816,6121,3968,2153
2023,4,13,46247,30862,1990,28872,15385,9309,6076
2023,4,14,27287,17997,902,17095,9290,6361,2929
2023,4,15,7774,4917,115,4802,2857,2158,699
2023,4,16,2954,1924,4,1920,1030,1030,0
2023,4,17,6195,4062,58,4004,2133,1571,562
2023,4,18,3090,2177,97,2080,913,621,292
2023,4,19,3765,2388,117,2271,1377,838,539
2023,4,20,2237,1562,44,1518,675,675,0
2023,4,21,5599,3896,139,3757,1703,1036,667
2023,4,22,10507,7426,342,7084,3081,2429,652
2023,4,23,24379,14817,521,14296,9562,6668,2894
2023,4,24,5283,3044,57,2987,2239,1581,658
2023,4,25,4305,3519,95,3424,786,393,393
2023,4,26,9391,6513,100,6413,2878,1564,1314
2023,4,27,31451,21330,673,20657,10121,6278,3843
2023,4,28,17095,12435,469,11966,4660,2602,2058
2023,4,29,3977,2917,132,2785,1060,581,479
2023,4,30,3407,2607,84,2523,800,429,371
2023,4,31,1973,1323,2,1321,650,430,220
2023,4,32,1841,1191,2,1189,650,468,182
2023,4,33,6795,4648,53,4595,2147,1426,721
2023,4,34,9809,6374,112,6262,3435,1992,1443
2023,4,35,4242,3433,13,3420,809,496,313
2023,4,36,2181,1509,10,1499,672,492,180
2023,4,37,3060,2255,10,2245,805,589,216
2023,4,38,4479,3085,10,3075,1394,901,493
2023,4,39,2355,1603,21,1582,752,564,188
2023,4,40,18483,12939,35,12904,5544,3737,1807
2023,4,41,2786,1623,48,1575,1163,885,278
2023,4,42,4484,3071,71,3000,1413,818,595
2023,4,43,6098,4218,83,4135,1880,1321,559
2023,4,44,3914,2851,23,2828,1063,715,348
2023,4,45,3382,2395,9,2386,987,600,387
2023,4,46,5377,3919,24,3895,1458,960,498
2023,4,47,4684,3362,21,3341,1322,945,377
2023,5,1,20628,15987,646,15341,4641,1700,2941
2023,5,2,3822,2756,78,2678,1066,792,274
2023,5,3,3628,2632,105,2527,996,633,363
2023,5,4,7790,5410,250,5160,2380,1504,876
2023,5,5,3131,2100,45,2055,1031,695,336
2023,5,6,3446,2372,61,2311,1074,628,446
2023,5,7,6057,4315,108,4207,1742,958,784
2023,5,8,8354,6014,148,5866,2340,1864,476
2023,5,9,7745,5332,263,5069,2413,1702,711
2023,5,10,7248,4847,243,4604,2401,1510,891
2023,5,11,20012,14443,825,13618,5569,3745,1824
2023,5,12,19512,13255,421,12834,6257,4056,2201
2023,5,13,48370,31348,1874,29474,17022,11118,5904
2023,5,14,27261,17334,787,16547,9927,6946,2981
2023,5,15,7759,4942,125,4817,2817,2106,711
2023,5,16,3079,1989,3,1986,1090,1090,0
2023,5,17,6284,4097,44,4053,2187,1666,521
2023,5,18,2947,2033,72,1961,914,590,324
2023,5,19,3655,2263,101,2162,1392,889,503
2023,5,20,2364,1691,47,1644,673,673,0
2023,5,21,5652,3942,222,3720,1710,1034,676
2023,5,22,10680,7385,270,7115,3295,2551,744
2023,5,23,24838,14815,533,14282,10023,7161,2862
2023,5,24,5554,3211,37,3174,2343,1663,680
2023,5,25,4196,3450,76,3374,746,327,419
2023,5,26,9070,6274,74,6200,2796,1499,1297
2023,5,27,32259,20970,651,20319,11289,7459,3830
2023,5,28,17561,12867,431,12436,4694,2615,2079
2023,5,29,3904,2780,119,2661,1124,621,503
2023,5,30,3465,2646,77,2569,819,413,406
2023,5,31,1974,1324,4,1320,650,435,215
2023,5,32,1873,1197,5,1192,676,477,199
2023,5,33,6788,4666,32,4634,2122,1395,727
2023,5,34,9885,6473,88,6385,3412,2039,1373
2023,5,35,4269,3425,37,3388,844,567,277
2023,5,36,2324,1631,9,1622,693,490,203
2023,5,37,2971,2146,11,2135,825,606,219
2023,5,38,4580,3215,10,3205,1365,893,472
2023,5,39,2428,1669,24,1645,759,562,197
2023,5,40,18355,12719,26,12693,5636,3811,1825
2023,5,41,2764,1574,18,1556,1190,851,339
2023,5,42,4708,3233,71,3162,1475,926,549
2023,5,43,6164,4201,70,4131,1963,1392,571
2023,5,44,3904,2818,36,2782,1086,725,361
2023,5,45,3396,2342,14,2328,1054,663,391
2023,5,46,5140,3700,27,3673,1440,959,481
2023,5,47,4713,3385,19,3366,1328,949,379
2023,6,1,20922,16514,672,15842,4408,1646,2762
2023,6,2,3953,2859,56,2803,1094,838,256
2023,6,3,3631,2659,86,2573,972,576,396
2023,6,4,7373,5192,185,5007,2181,1260,921
2023,6,5,3078,2093,60,2033,985,644,341
2023,6,6,3576,2589,89,2500,987,565,422
2023,6,7,5936,4302,244,4058,1634,806,828
2023,6,8,8546,6162,112,6050,2384,1881,503
2023,6,9,7560,5271,402,4869,2289,1541,748
2023,6,10,6864,4689,130,4559,2175,1340,835
2023,6,11,19664,14529,911,13618,5135,3272,1863
2023,6,12,18954,13175,503,12672,5779,3535,2244
2023,6,13,47212,31721,3439,28282,15491,10377,5114
2023,6,14,27124,17725,863,16862,9399,5888,3511
2023,6,15,7429,4755,113,4642,2674,1993,681
2023,6,16,2912,1972,33,1939,940,940,0
2023,6,17,6231,4185,49,4136,2046,1520,526
2023,6,18,3050,2168,79,2089,882,539,343
2023,6,19,3705,2364,108,2256,1341,776,565
2023,6,20,2332,1707,32,1675,625,625,0
2023,6,21,5702,4089,207,3882,1613,978,635
2023,6,22,10529,7503,341,7162,3026,2322,704
2023,6,23,24037,14868,472,14396,9169,6307,2862
2023,6,24,5287,3063,32,3031,2224,1520,704
2023,6,25,4644,3787,77,3710,857,471,386
2023,6,26,9062,6412,64,6348,2650,1451,1199
2023,6,27,32405,21736,738,20998,10669,6706,3963
2023,6,28,17201,12496,508,11988,4705,2725,1980
2023,6,29,3970,2835,107,2728,1135,635,500
2023,6,30,3198,2467,37,2430,731,396,335
2023,6,31,1901,1273,2,1271,628,409,219
2023,6,32,1761,1147,6,1141,614,432,182
2023,6,33,6702,4556,33,4523,2146,1380,766
2023,6,34,9859,6479,83,6396,3380,2071,1309
2023,6,35,4194,3422,10,3412,772,538,234
2023,6,36,2214,1556,9,1547,658,465,193
2023,6,37,3164,2326,8,2318,838,623,215
2023,6,38,4494,3104,8,3096,1390,870,520
2023,6,39,2482,1712,22,1690,770,567,203
2023,6,40,18413,12934,25,12909,5479,3602,1877
2023,6,41,2721,1662,18,1644,1059,763,296
2023,6,42,4604,3263,74,3189,1341,837,504
2023,6,43,6274,4449,67,4382,1825,1198,627
2023,6,44,4041,3002,18,2984,1039,680,359
2023,6,45,3474,2507,10,2497,967,587,380
2023,6,46,5240,3951,28,3923,1289,842,447
2023,6,47,4569,3334,16,3318,1235,856,379
2023,7,1,20624,16148,695,15453,4476,1772,2704
2023,7,2,4002,2904,169,2735,1098,834,264
2023,7,3,3531,2519,86,2433,1012,579,433
2023,7,4,7350,4961,188,4773,2389,1466,923
2023,7,5,2826,1825,66,1759,1001,658,343
2023,7,6,3560,2477,79,2398,1083,590,493
2023,7,7,5984,4252,149,4103,1732,899,833
2023,7,8,8349,5943,203,5740,2406,1922,484
2023,7,9,7505,5121,673,4448,2384,1646,738
2023,7,10,6807,4507,258,4249,2300,1491,809
2023,7,11,19982,14521,1083,13438,5461,3575,1886
2023,7,12,19993,13696,610,13086,6297,4001,2296
2023,7,13,47671,30705,1398,29307,16966,11211,5755
2023,7,14,27436,17516,862,16654,9920,6167,3753
2023,7,15,7844,4788,138,4650,3056,2318,738
2023,7,16,2996,2009,28,1981,987,987,0
2023,7,17,6210,4104,71,4033,2106,1639,467
2023,7,18,3068,2102,81,2021,966,585,381
2023,7,19,3586,2223,101,2122,1363,856,507
2023,7,20,2377,1669,33,1636,708,708,0
2023,7,21,5814,4147,400,3747,1667,1038,629
2023,7,22,10871,7653,425,7228,3218,2566,652
2023,7,23,24761,14859,591,14268,9902,6918,2984
2023,7,24,5421,3115,79,3036,2306,1548,758
2023,7,25,4601,3742,145,3597,859,464,395
2023,7,26,9076,6233,69,6164,2843,1502,1341
2023,7,27,31902,21056,698,20358,10846,6948,3898
2023,7,28,17381,12433,514,11919,4948,2841,2107
2023,7,29,3965,2791,141,2650,1174,686,488
2023,7,30,3480,2615,118,2497,865,439,426
2023,7,31,1789,1147,7,1140,642,413,229
2023,7,32,1658,1007,6,1001,651,464,187
2023,7,33,6410,4325,45,4280,2085,1311,774
2023,7,34,9559,6221,68,6153,3338,2059,1279
2023,7,35,3684,2903,23,2880,781,509,272
2023,7,36,2090,1400,11,1389,690,488,202
2023,7,37,2939,2082,10,2072,857,635,222
2023,7,38,4401,2965,13,2952,1436,936,500
2023,7,39,2338,1592,23,1569,746,529,217
2023,7,40,17547,11875,29,11846,5672,3693,1979
2023,7,41,2730,1607,11,1596,1123,796,327
2023,7,42,4646,3111,96,3015,1535,989,546
2023,7,43,5933,4008,79,3929,1925,1187,738
2023,7,44,3819,2741,17,2724,1078,700,378
2023,7,45,3168,2140,16,2124,1028,632,396
2023,7,46,4905,3547,26,3521,1358,891,467
2023,7,47,4408,3131,13,3118,1277,881,396
2023,8,1,20726,16154,694,15460,4572,1716,2856
2023,8,2,3755,2759,88,2671,996,744,252
2023,8,3,3442,2493,95,2398,949,520,429
2023,8,4,7450,5218,125,5093,2232,1335,897
2023,8,5,2865,1821,18,1803,1044,699,345
2023,8,6,3512,2454,72,2382,1058,558,500
2023,8,7,6066,4381,155,4226,1685,907,778
2023,8,8,8468,6056,112,5944,2412,1883,529
2023,8,9,7771,5409,321,5088,2362,1617,745
2023,8,10,6658,4308,157,4151,2350,1581,769
2023,8,11,20626,15211,896,14315,5415,3645,1770
2023,8,12,19290,13173,481,12692,6117,3881,2236
2023,8,13,48321,30667,1370,29297,17654,11580,6074
2023,8,14,27499,17808,790,17018,9691,6350,3341
2023,8,15,7489,4586,237,4349,2903,2186,717
2023,8,16,3045,1982,10,1972,1063,1063,0
2023,8,17,6176,4094,97,3997,2082,1596,486
2023,8,18,3244,2291,59,2232,953,586,367
2023,8,19,3730,2277,112,2165,1453,953,500
2023,8,20,2234,1539,116,1423,695,695,0
2023,8,21,5566,3954,191,3763,1612,1029,583
2023,8,22,10922,7793,289,7504,3129,2498,631
2023,8,23,23976,14183,626,13557,9793,6895,2898
2023,8,24,5182,2941,63,2878,2241,1558,683
2023,8,25,4363,3519,77,3442,844,434,410
2023,8,26,9155,6394,97,6297,2761,1418,1343
2023,8,27,31893,21125,662,20463,10768,6722,4046
2023,8,28,17413,12282,470,11812,5131,2957,2174
2023,8,29,3955,2820,162,2658,1135,661,474
2023,8,30,3325,2516,56,2460,809,424,385
2023,8,31,1856,1224,2,1222,632,404,228
2023,8,32,1784,1165,6,1159,619,427,192
2023,8,33,6521,4543,43,4500,1978,1276,702
2023,8,34,9512,6365,66,6299,3147,1784,1363
2023,8,35,3788,3055,18,3037,733,445,288
2023,8,36,2143,1488,10,1478,655,452,203
2023,8,37,3140,2309,10,2299,831,594,237
2023,8,38,4432,3013,10,3003,1419,903,516
2023,8,39,2279,1569,26,1543,710,492,218
2023,8,40,18742,13300,47,13253,5442,3589,1853
2023,8,41,2856,1766,17,1749,1090,775,315
2023,8,42,4642,3246,72,3174,1396,938,458
2023,8,43,6489,4482,83,4399,2007,1266,741
2023,8,44,4107,3037,18,3019,1070,701,369
2023,8,45,3564,2519,15,2504,1045,657,388
2023,8,46,5178,3810,20,3790,1368,916,452
2023,8,47,4541,3290,31,3259,1251,914,337
2023,9,1,20325,15982,763,15219,4343,1752,2591
2023,9,2,3834,2786,130,2656,1048,746,302
2023,9,3,3414,2466,110,2356,948,483,465
2023,9,4,7336,5149,180,4969,2187,1286,901
2023,9,5,2984,1982,97,1885,1002,671,331
2023,9,6,3408,2399,47,2352,1009,469,540
2023,9,7,5656,3981,191,3790,1675,895,780
2023,9,8,8456,6040,416,5624,2416,1792,624
2023,9,9,7531,5202,576,4626,2329,1601,728
2023,9,10,7241,4803,415,4388,2438,1709,729
2023,9,11,19098,13877,1135,12742,5221,3453,1768
2023,9,12,19415,13578,517,13061,5837,3699,2138
2023,9,13,46875,30090,1655,28435,16785,10758,6027
2023,9,14,26595,17200,823,16377,9395,6027,3368
2023,9,15,7660,4680,147,4533,2980,2314,666
2023,9,16,3096,1985,59,1926,1111,1111,0
2023,9,17,6188,4190,62,4128,1998,1527,471
2023,9,18,3234,2328,87,2241,906,575,331
2023,9,19,3610,2252,137,2115,1358,900,458
2023,9,20,2233,1574,139,1435,659,659,0
2023,9,21,5542,3906,201,3705,1636,1043,593
2023,9,22,10684,7622,536,7086,3062,2391,671
2023,9,23,23745,14102,568,13534,9643,6846,2797
2023,9,24,5367,3094,66,3028,2273,1533,740
2023,9,25,4351,3464,150,3314,887,466,421
2023,9,26,8985,6240,81,6159,2745,1449,1296
2023,9,27,32039,21242,805,20437,10797,6936,3861
2023,9,28,17159,12217,428,11789,4942,3046,1896
2023,9,29,4006,2858,178,2680,1148,669,479
2023,9,30,3347,2591,125,2466,756,395,361
2023,9,31,1894,1249,10,1239,645,406,239
2023,9,32,1753,1168,5,1163,585,411,174
2023,9,33,6196,4292,47,4245,1904,1280,624
2023,9,34,9568,6082,95,5987,3486,2147,1339
2023,9,35,4000,3238,23,3215,762,481,281
2023,9,36,2074,1360,11,1349,714,509,205
2023,9,37,3063,2255,8,2247,808,579,229
2023,9,38,4346,2965,10,2955,1381,897,484
2023,9,39,2382,1626,28,1598,756,551,205
2023,9,40,17714,12311,32,12279,5403,3627,1776
2023,9,41,2755,1622,11,1611,1133,797,336
2023,9,42,4503,3124,115,3009,1379,925,454
2023,9,43,6088,4142,77,4065,1946,1262,684
2023,9,44,3952,2903,22,2881,1049,694,355
2023,9,45,3429,2397,13,2384,1032,671,361
2023,9,46,5251,3927,31,3896,1324,863,461
2023,9,47,4583,3238,27,3211,1345,961,384
2023,10,1,21241,16749,900,15849,4492,1835,2657
2023,10,2,4033,2930,191,2739,1103,784,319
2023,10,3,3766,2745,90,2655,1021,551,470
2023,10,4,7836,5583,207,5376,2253,1304,949
2023,10,5,3140,2097,74,2023,1043,693,350
2023,10,6,3525,2448,82,2366,1077,548,529
2023,10,7,6190,4544,218,4326,1646,836,810
2023,10,8,8695,6174,571,5603,2521,1834,687
2023,10,9,7882,5502,562,4940,2380,1585,795
2023,10,10,7458,5023,542,4481,2435,1565,870
2023,10,11,20104,14685,1227,13458,5419,3414,2005
2023,10,12,19994,13905,587,13318,6089,3935,2154
2023,10,13,48201,30861,1719,29142,17340,10998,6342
2023,10,14,28340,18747,954,17793,9593,6114,3479
2023,10,15,7585,4744,124,4620,2841,2158,683
2023,10,16,3161,2095,153,1942,1066,1066,0
2023,10,17,6123,4150,98,4052,1973,1523,450
2023,10,18,3261,2330,130,2200,931,587,344
2023,10,19,3675,2327,138,2189,1348,914,434
2023,10,20,2249,1564,100,1464,685,685,0
2023,10,21,5401,3855,229,3626,1546,928,618
2023,10,22,11354,8141,757,7384,3213,2456,757
2023,10,23,24520,14819,622,14197,9701,6588,3113
2023,10,24,5565,3186,53,3133,2379,1549,830
2023,10,25,4596,3692,105,3587,904,472,432
2023,10,26,9351,6528,101,6427,2823,1499,1324
2023,10,27,33313,22161,790,21371,11152,7224,3928
2023,10,28,18025,13015,458,12557,5010,3061,1949
2023,10,29,4182,3009,176,2833,1173,716,457
2023,10,30,3440,2586,126,2460,854,460,394
2023,10,31,1945,1264,2,1262,681,409,272
2023,10,32,1798,1214,5,1209,584,401,183
2023,10,33,6313,4397,46,4351,1916,1224,692
2023,10,34,9737,6265,85,6180,3472,2140,1332
2023,10,35,4145,3418,21,3397,727,447,280
2023,10,36,2185,1503,4,1499,682,494,188
2023,10,37,2958,2130,11,2119,828,589,239
2023,10,38,4315,2933,10,2923,1382,912,470
2023,10,39,2442,1666,23,1643,776,566,210
2023,10,40,17799,12420,38,12382,5379,3597,1782
2023,10,41,2671,1548,19,1529,1123,822,301
2023,10,42,4525,3090,83,3007,1435,971,464
2023,10,43,6235,4295,68,4227,1940,1271,669
2023,10,44,3940,2886,28,2858,1054,687,367
2023,10,45,3311,2296,18,2278,1015,637,378
2023,10,46,5126,3756,39,3717,1370,881,489
2023,10,47,4694,3392,21,3371,1302,903,399
2023,11,1,20090,15616,805,14811,4474,1922,2552
2023,11,2,3980,2859,147,2712,1121,801,320
2023,11,3,3573,2537,95,2442,1036,620,416
2023,11,4,7382,5207,203,5004,2175,1322,853
2023,11,5,3186,2133,49,2084,1053,712,341
2023,11,6,3457,2450,50,2400,1007,553,454
2023,11,7,6016,4337,179,4158,1679,958,721
2023,11,8,8779,6243,513,5730,2536,1882,654
2023,11,9,7967,5577,693,4884,2390,1645,745
2023,11,10,7756,5427,604,4823,2329,1620,709
2023,11,11,20822,15407,1180,14227,5415,3561,1854
2023,11,12,19666,13635,579,13056,6031,3826,2205
2023,11,13,48233,30633,1649,28984,17600,11575,6025
2023,11,14,28331,18707,996,17711,9624,6205,3419
2023,11,15,7841,4976,131,4845,2865,2165,700
2023,11,16,3139,2081,158,1923,1058,1058,0
2023,11,17,6056,4175,69,4106,1881,1399,482
2023,11,18,3113,2202,85,2117,911,570,341
2023,11,19,3719,2362,155,2207,1357,944,413
2023,11,20,2471,1833,42,1791,638,638,0
2023,11,21,5681,4072,303,3769,1609,991,618
2023,11,22,10981,7919,667,7252,3062,2433,629
2023,11,23,24775,14825,503,14322,9950,6907,3043
2023,11,24,5402,3126,38,3088,2276,1447,829
2023,11,25,4484,3620,80,3540,864,458,406
2023,11,26,9082,6456,95,6361,2626,1389,1237
2023,11,27,31891,21221,752,20469,10670,6918,3752
2023,11,28,17701,12805,422,12383,4896,2961,1935
2023,11,29,4063,2909,173,2736,1154,697,457
2023,11,30,3435,2639,209,2430,796,423,373
2023,11,31,1857,1264,4,1260,593,397,196
2023,11,32,1726,1138,5,1133,588,384,204
2023,11,33,6197,4361,49,4312,1836,1127,709
2023,11,34,9900,6508,40,6468,3392,1984,1408
2023,11,35,4039,3390,50,3340,649,372,277
2023,11,36,2255,1543,12,1531,712,522,190
2023,11,37,3033,2242,12,2230,791,569,222
2023,11,38,4399,3030,9,3021,1369,907,462
2023,11,39,2450,1710,16,1694,740,534,206
2023,11,40,17950,12780,18,12762,5170,3559,1611
2023,11,41,2859,1755,14,1741,1104,823,281
2023,11,42,4516,3107,66,3041,1409,951,458
2023,11,43,6154,4336,59,4277,1818,1225,593
2023,11,44,3942,2914,15,2899,1028,671,357
2023,11,45,3469,2486,14,2472,983,606,377
2023,11,46,4968,3709,26,3683,1259,783,476
2023,11,47,4722,3442,23,3419,1280,883,397
2023,12,1,21359,16871,1187,15684,4488,1721,2767
2023,12,2,4151,3032,82,2950,1119,825,294
2023,12,3,4003,2909,143,2766,1094,668,426
2023,12,4,7910,5603,211,5392,2307,1424,883
2023,12,5,3326,2178,54,2124,1148,787,361
2023,12,6,3643,2554,87,2467,1089,611,478
2023,12,7,6618,4878,199,4679,1740,993,747
2023,12,8,9071,6660,515,6145,2411,1763,648
2023,12,9,8274,5800,946,4854,2474,1679,795
2023,12,10,7750,5354,601,4753,2396,1683,713
2023,12,11,21046,15656,1351,14305,5390,3395,1995
2023,12,12,20245,14272,576,13696,5973,3681,2292
2023,12,13,52777,35503,1743,33760,17274,10965,6309
2023,12,14,28947,19374,875,18499,9573,6041,3532
2023,12,15,7812,4947,142,4805,2865,2188,677
2023,12,16,3316,2229,114,2115,1087,1087,0
2023,12,17,6660,4658,92,4566,2002,1508,494
2023,12,18,3368,2415,99,2316,953,597,356
2023,12,19,4013,2646,97,2549,1367,845,522
2023,12,20,2371,1794,90,1704,577,577,0
2023,12,21,5801,4351,268,4083,1450,791,659
2023,12,22,11647,8546,518,8028,3101,2379,722
2023,12,23,25744,16876,705,16171,8868,5779,3089
2023,12,24,5588,3503,42,3461,2085,1262,823
2023,12,25,4654,3840,152,3688,814,417,397
2023,12,26,9574,6900,101,6799,2674,1366,1308
2023,12,27,33136,22467,721,21746,10669,6737,3932
2023,12,28,18302,13335,429,12906,4967,2969,1998
2023,12,29,4311,3123,206,2917,1188,742,446
2023,12,30,3831,3039,111,2928,792,446,346
2023,12,31,1959,1338,2,1336,621,411,210
2023,12,32,1820,1221,4,1217,599,387,212
2023,12,33,7003,4957,37,4920,2046,1315,731
2023,12,34,10217,6724,67,6657,3493,2117,1376
2023,12,35,4335,3591,18,3573,744,462,282
2023,12,36,2418,1672,14,1658,746,525,221
2023,12,37,3106,2364,13,2351,742,524,218
2023,12,38,4522,3147,10,3137,1375,949,426
2023,12,39,2596,1772,17,1755,824,615,209
2023,12,40,19487,14059,47,14012,5428,3608,1820
2023,12,41,2901,1770,9,1761,1131,856,275
2023,12,42,4725,3315,79,3236,1410,940,470
2023,12,43,6735,4810,71,4739,1925,1247,678
2023,12,44,4191,3098,41,3057,1093,720,373
2023,12,45,3766,2677,15,2662,1089,697,392
2023,12,46,5518,4175,29,4146,1343,854,489
2023,12,47,4980,3611,41,3570,1369,926,443
2024,1,1,20789,16330,521,15809,4459,1678,2781
2024,1,2,4004,2883,94,2789,1121,820,301
2024,1,3,3805,2758,95,2663,1047,616,431
2024,1,4,7464,5236,234,5002,2228,1505,723
2024,1,5,3387,2205,34,2171,1182,793,389
2024,1,6,3675,2572,53,2519,1103,654,449
2024,1,7,6271,4507,169,4338,1764,1043,721
2024,1,8,8760,6304,165,6139,2456,1842,614
2024,1,9,8209,5795,616,5179,2414,1669,745
2024,1,10,7479,5139,162,4977,2340,1603,737
2024,1,11,20554,15337,829,14508,5217,3323,1894
2024,1,12,20496,14353,366,13987,6143,4010,2133
2024,1,13,52257,34952,1399,33553,17305,11331,5974
2024,1,14,28736,19194,770,18424,9542,6224,3318
2024,1,15,8006,5182,178,5004,2824,2196,628
2024,1,16,3283,2195,89,2106,1088,1088,0
2024,1,17,6566,4490,88,4402,2076,1541,535
2024,1,18,3122,2193,139,2054,929,585,344
2024,1,19,3671,2338,136,2202,1333,882,451
2024,1,20,2360,1702,39,1663,658,658,0
2024,1,21,5572,3921,142,3779,1651,1014,637
2024,1,22,11130,8079,415,7664,3051,2370,681
2024,1,23,25120,15654,577,15077,9466,6452,3014
2024,1,24,5460,3259,37,3222,2201,1479,722
2024,1,25,4928,4078,97,3981,850,431,419
2024,1,26,9463,6660,83,6577,2803,1496,1307
2024,1,27,33129,22121,483,21638,11008,7161,3847
2024,1,28,18012,12915,393,12522,5097,3147,1950
2024,1,29,4138,2943,100,2843,1195,750,445
2024,1,30,3543,2733,59,2674,810,447,363
2024,1,31,1922,1271,3,1268,651,420,231
2024,1,32,1812,1202,5,1197,610,407,203
2024,1,33,6628,4525,48,4477,2103,1365,738
2024,1,34,9914,6326,62,6264,3588,2317,1271
2024,1,35,4101,3359,29,3330,742,499,243
2024,1,36,2294,1612,17,1595,682,490,192
2024,1,37,3054,2277,3,2274,777,561,216
2024,1,38,4351,2967,5,2962,1384,970,414
2024,1,39,2435,1673,20,1653,762,540,222
2024,1,40,18258,12863,26,12837,5395,3599,1796
2024,1,41,2678,1632,8,1624,1046,766,280
2024,1,42,4451,3053,61,2992,1398,930,468
2024,1,43,6258,4436,66,4370,1822,1194,628
2024,1,44,3974,2940,25,2915,1034,677,357
2024,1,45,3417,2382,9,2373,1035,644,391
2024,1,46,4944,3660,26,3634,1284,790,494
2024,1,47,4735,3397,36,3361,1338,894,444
2024,2,1,19901,15636,690,14946,4265,1714,2551
2024,2,2,3710,2643,67,2576,1067,683,384
2024,2,3,3802,2736,80,2656,1066,662,404
2024,2,4,7253,5066,134,4932,2187,1492,695
2024,2,5,3024,1973,18,1955,1051,722,329
2024,2,6,3404,2354,61,2293,1050,655,395
2024,2,7,5953,4226,81,4145,1727,1002,725
2024,2,8,7969,5776,105,5671,2193,1645,548
2024,2,9,7517,5230,332,4898,2287,1536,751
2024,2,10,6906,4707,143,4564,2199,1532,667
2024,2,11,19195,13971,1095,12876,5224,3445,1779
2024,2,12,18818,13187,352,12835,5631,3601,2030
2024,2,13,46365,30023,1288,28735,16342,10533,0
2024,2,14,26779,17591,806,16785,9188,6100,3088
2024,2,15,7615,4703,119,4584,2912,2288,624
2024,2,16,2962,1964,28,1936,998,998,0
2024,2,17,6139,4123,118,4005,2016,1499,517
2024,2,18,3068,2161,76,2085,907,587,320
2024,2,19,3581,2201,123,2078,1380,950,430
2024,2,20,2416,1765,48,1717,651,651,0
2024,2,21,5418,3864,147,3717,1554,940,614
2024,2,22,10316,7403,275,7128,2913,2296,617
2024,2,23,23015,14009,541,13468,9006,6180,2826
2024,2,24,5335,3170,35,3135,2165,1482,683
2024,2,25,4510,3672,115,3557,838,461,377
2024,2,26,8724,6116,66,6050,2608,1396,1212
2024,2,27,31741,20947,698,20249,10794,7121,3673
2024,2,28,16643,12057,398,11659,4586,2773,1813
2024,2,29,4064,2828,114,2714,1236,843,393
2024,2,30,3317,2535,58,2477,782,432,350
2024,2,31,1788,1171,4,1167,617,394,223
2024,2,32,1685,1128,6,1122,557,382,175
2024,2,33,6334,4420,40,4380,1914,1297,617
2024,2,34,9577,6205,39,6166,3372,2219,1153
2024,2,35,3979,3280,35,3245,699,480,219
2024,2,36,2150,1465,11,1454,685,487,198
2024,2,37,3125,2341,8,2333,784,585,199
2024,2,38,4240,2920,10,2910,1320,937,383
2024,2,39,2282,1506,16,1490,776,578,198
2024,2,40,17514,12216,31,12185,5298,3445,1853
2024,2,41,2535,1482,19,1463,1053,747,306
2024,2,42,4272,2890,77,2813,1382,868,514
2024,2,43,5997,4267,64,4203,1730,1112,618
2024,2,44,3849,2843,9,2834,1006,639,367
2024,2,45,3390,2364,17,2347,1026,607,419
2024,2,46,4694,3713,15,3698,981,684,297
2024,2,47,4368,3123,25,3098,1245,816,429
2024,3,1,21694,17062,681,16381,4632,1777,2855
2024,3,2,4052,2887,72,2815,1165,732,433
2024,3,3,3852,2732,133,2599,1120,672,448
2024,3,4,7594,5186,168,5018,2408,1679,729
2024,3,5,3143,2033,38,1995,1110,772,338
2024,3,6,3617,2505,52,2453,1112,665,447
2024,3,7,6170,4347,126,4221,1823,1016,807
2024,3,8,9062,6518,319,6199,2544,1816,728
2024,3,9,8287,5812,675,5137,2475,1805,670
2024,3,10,7607,5226,267,4959,2381,1643,738
2024,3,11,20485,15041,1002,14039,5444,3505,1939
2024,3,12,20219,14294,363,13931,5925,3736,2189
2024,3,13,50525,32787,1449,31338,17738,11489,6249
2024,3,14,28947,19140,810,18330,9807,6391,3416
2024,3,15,7351,4491,175,4316,2860,2255,605
2024,3,16,3086,2028,14,2014,1058,1058,0
2024,3,17,6842,4754,119,4635,2088,1571,517
2024,3,18,3455,2462,101,2361,993,637,356
2024,3,19,3635,2100,100,2000,1535,1082,453
2024,3,20,2389,1725,71,1654,664,664,0
2024,3,21,5714,4081,187,3894,1633,980,653
2024,3,22,10947,7874,374,7500,3073,2392,681
2024,3,23,25571,16507,707,15800,9064,6176,2888
2024,3,24,5386,3172,38,3134,2214,1470,744
2024,3,25,4789,3904,135,3769,885,450,435
2024,3,26,9351,6648,101,6547,2703,1390,1313
2024,3,27,33512,22281,665,21616,11231,7205,4026
2024,3,28,18392,13410,379,13031,4982,3004,1978
2024,3,29,4247,3014,126,2888,1233,788,445
2024,3,30,3516,2678,41,2637,838,457,381
2024,3,31,1905,1255,9,1246,650,448,202
2024,3,32,1650,1085,6,1079,565,396,169
2024,3,33,6313,4306,42,4264,2007,1316,691
2024,3,34,10072,6449,66,6383,3623,2447,1176
2024,3,35,4158,3414,27,3387,744,509,235
2024,3,36,2257,1566,12,1554,691,503,188
2024,3,37,3139,2290,16,2274,849,604,245
2024,3,38,4405,3010,11,2999,1395,969,426
2024,3,39,2385,1639,21,1618,746,538,208
2024,3,40,18676,13247,42,13205,5429,3586,1843
2024,3,41,2860,1741,18,1723,1119,848,271
2024,3,42,4664,3185,87,3098,1479,966,513
2024,3,43,6354,4532,76,4456,1822,1212,610
2024,3,44,4111,2979,21,2958,1132,756,376
2024,3,45,3521,2458,14,2444,1063,633,430
2024,3,46,5593,4217,53,4164,1376,891,485
2024,3,47,4605,3221,20,3201,1384,935,449
2024,4,1,20181,15906,817,15089,4275,1581,2694
2024,4,2,3800,2835,77,2758,965,587,378
2024,4,3,3539,2598,135,2463,941,545,396
2024,4,4,7250,5061,165,4896,2189,1413,776
2024,4,5,3038,2018,68,1950,1020,666,354
2024,4,6,3351,2398,82,2316,953,547,406
2024,4,7,6227,4532,117,4415,1695,998,697
2024,4,8,8428,6108,146,5962,2320,1710,610
2024,4,9,7644,5310,258,5052,2334,1618,716
2024,4,10,7322,5034,199,4835,2288,1642,646
2024,4,11,20195,15206,913,14293,4989,3275,1714
2024,4,12,19568,13558,504,13054,6010,3900,2110
2024,4,13,48114,31992,1687,30305,16122,10343,5779
2024,4,14,27259,18149,902,17247,9110,6130,2980
2024,4,15,7491,4885,174,4711,2606,2009,597
2024,4,16,3008,2003,10,1993,1005,1005,0
2024,4,17,6046,4195,71,4124,1851,1405,446
2024,4,18,3194,2242,145,2097,952,604,348
2024,4,19,3658,2367,122,2245,1291,835,456
2024,4,20,2262,1612,53,1559,650,650,0
2024,4,21,5295,3727,168,3559,1568,882,686
2024,4,22,10738,7768,330,7438,2970,2260,710
2024,4,23,23381,14885,578,14307,8496,5507,2989
2024,4,24,4980,3031,19,3012,1949,1264,685
2024,4,25,4432,3624,108,3516,808,367,441
2024,4,26,8916,6322,70,6252,2594,1382,1212
2024,4,27,31990,21576,674,20902,10414,6503,3911
2024,4,28,17532,12829,330,12499,4703,2823,1880
2024,4,29,4167,3019,120,2899,1148,682,466
2024,4,30,3305,2567,59,2508,738,411,327
2024,4,31,1937,1296,4,1292,641,474,167
2024,4,32,1778,1185,5,1180,593,412,181
2024,4,33,6223,4323,36,4287,1900,1256,644
2024,4,34,9806,6471,48,6423,3335,2174,1161
2024,4,35,4037,3350,15,3335,687,471,216
2024,4,36,2212,1578,5,1573,634,432,202
2024,4,37,2734,1962,12,1950,772,578,194
2024,4,38,4214,2855,8,2847,1359,896,463
2024,4,39,2289,1602,13,1589,687,501,186
2024,4,40,18226,13066,44,13022,5160,3256,1904
2024,4,41,2611,1596,18,1578,1015,779,236
2024,4,42,4434,3028,81,2947,1406,919,487
2024,4,43,6286,4511,83,4428,1775,1106,669
2024,4,44,3978,2864,23,2841,1114,700,414
2024,4,45,3257,2313,10,2303,944,556,388
2024,4,46,5077,3841,33,3808,1236,773,463
2024,4,47,4268,3027,13,3014,1241,828,413
2024,5,1,20361,15952,684,15268,4409,1676,2733
2024,5,2,3789,2684,47,2637,1105,648,457
2024,5,3,3564,2553,107,2446,1011,618,393
2024,5,4,7311,5151,232,4919,2160,1443,717
2024,5,5,3139,2122,42,2080,1017,634,383
2024,5,6,3403,2382,54,2328,1021,615,406
2024,5,7,6297,4582,100,4482,1715,1012,703
2024,5,8,8623,6181,184,5997,2442,1853,589
2024,5,9,7873,5467,258,5209,2406,1718,688
2024,5,10,7403,5073,239,4834,2330,1748,582
2024,5,11,20265,14847,902,13945,5418,3616,1802
2024,5,12,19994,13679,453,13226,6315,4243,2072
2024,5,13,48998,31582,1806,29776,17416,11583,5833
2024,5,14,28122,18262,847,17415,9860,6857,3003
2024,5,15,7500,4795,119,4676,2705,2077,628
2024,5,16,2933,1911,1,1910,1022,1022,0
2024,5,17,6195,4155,99,4056,2040,1529,511
2024,5,18,3231,2181,98,2083,1050,701,349
2024,5,19,3786,2361,149,2212,1425,976,449
2024,5,20,2240,1581,44,1537,659,659,0
2024,5,21,5418,3822,211,3611,1596,957,639
2024,5,22,10789,7641,293,7348,3148,2424,724
2024,5,23,24323,15062,571,14491,9261,6420,2841
2024,5,24,5453,3249,20,3229,2204,1470,734
2024,5,25,4645,3811,107,3704,834,435,399
2024,5,26,8936,6380,70,6310,2556,1388,1168
2024,5,27,32018,21352,486,20866,10666,7075,3591
2024,5,28,17522,12557,321,12236,4965,3059,1906
2024,5,29,4027,2769,142,2627,1258,781,477
2024,5,30,3232,2487,86,2401,745,371,374
2024,5,31,1932,1272,3,1269,660,466,194
2024,5,32,1788,1204,3,1201,584,421,163
2024,5,33,6030,4085,39,4046,1945,1266,679
2024,5,34,9972,6670,56,6614,3302,2230,1072
2024,5,35,4084,3350,27,3323,734,523,211
2024,5,36,2171,1451,11,1440,720,530,190
2024,5,37,2865,2005,4,2001,860,656,204
2024,5,38,4564,3154,11,3143,1410,926,484
2024,5,39,2332,1578,18,1560,754,564,190
2024,5,40,18730,13317,17,13300,5413,3526,1887
2024,5,41,2793,1748,7,1741,1045,789,256
2024,5,42,4702,3207,42,3165,1495,1020,475
2024,5,43,6311,4411,48,4363,1900,1214,686
2024,5,44,4180,3073,29,3044,1107,734,373
2024,5,45,3373,2368,13,2355,1005,604,401
2024,5,46,4953,3754,27,3727,1199,759,440
2024,5,47,4664,3379,16,3363,1285,895,390
2024,6,1,20427,16075,737,15338,4352,1546,2806
2024,6,2,3690,2669,58,2611,1021,603,418
2024,6,3,3718,2703,82,2621,1015,612,403
2024,6,4,7130,4927,168,4759,2203,1412,791
2024,6,5,3097,2070,83,1987,1027,650,377
2024,6,6,3477,2449,59,2390,1028,587,441
2024,6,7,6232,4355,282,4073,1877,1096,781
2024,6,8,8840,6361,131,6230,2479,1860,619
2024,6,9,7843,5446,369,5077,2397,1683,714
2024,6,10,7402,4791,167,4624,2611,1985,626
2024,6,11,19729,14298,926,13372,5431,3489,1942
2024,6,12,19912,13484,466,13018,6428,4292,2136
2024,6,13,48089,30807,1660,29147,17282,11286,5996
2024,6,14,27652,17883,859,17024,9769,6777,2992
2024,6,15,7442,4619,102,4517,2823,2206,617
2024,6,16,2981,1958,42,1916,1023,1023,0
2024,6,17,6324,4332,109,4223,1992,1511,481
2024,6,18,3260,2286,109,2177,974,601,373
2024,6,19,3592,2174,109,2065,1418,924,494
2024,6,20,2354,1671,50,1621,683,683,0
2024,6,21,5407,3921,180,3741,1486,864,622
2024,6,22,10689,7594,389,7205,3095,2403,692
2024,6,23,24620,15222,535,14687,9398,6531,2867
2024,6,24,5403,3164,17,3147,2239,1476,763
2024,6,25,4456,3638,60,3578,818,437,381
2024,6,26,8812,6185,63,6122,2627,1443,1184
2024,6,27,31589,20828,508,20320,10761,6987,3774
2024,6,28,17380,12452,351,12101,4928,2949,1979
2024,6,29,4190,2984,120,2864,1206,700,506
2024,6,30,3630,2871,104,2767,759,384,375
2024,6,31,1949,1268,4,1264,681,465,216
2024,6,32,1841,1242,4,1238,599,426,173
2024,6,33,6233,4193,31,4162,2040,1269,771
2024,6,34,10073,6532,87,6445,3541,2197,1344
2024,6,35,3956,3210,9,3201,746,516,230
2024,6,36,2285,1591,11,1580,694,531,163
2024,6,37,3036,2196,6,2190,840,644,196
2024,6,38,4342,2966,6,2960,1376,935,441
2024,6,39,2432,1663,23,1640,769,599,170
2024,6,40,18466,12953,31,12922,5513,3704,1809
2024,6,41,2817,1735,6,1729,1082,739,343
2024,6,42,4487,2991,36,2955,1496,1041,455
2024,6,43,6303,4422,43,4379,1881,1202,679
2024,6,44,4039,2935,17,2918,1104,740,364
2024,6,45,3234,2254,11,2243,980,597,383
2024,6,46,4987,3677,41,3636,1310,862,448
2024,6,47,4587,3288,23,3265,1299,908,391
2024,7,1,21128,16554,693,15861,4574,1823,2751
2024,7,2,3822,2828,158,2670,994,572,422
2024,7,3,3739,2689,92,2597,1050,636,414
2024,7,4,7151,4939,199,4740,2212,1417,795
2024,7,5,3013,1968,71,1897,1045,675,370
2024,7,6,3433,2381,74,2307,1052,564,488
2024,7,7,6144,4337,191,4146,1807,1032,775
2024,7,8,8891,6315,165,6150,2576,1929,647
2024,7,9,7831,5414,693,4721,2417,1695,722
2024,7,10,7637,5017,292,4725,2620,1892,728
2024,7,11,20103,14461,1092,13369,5642,3689,1953
2024,7,12,20028,13449,637,12812,6579,4379,2200
2024,7,13,48380,31368,1723,29645,17012,11015,5997
2024,7,14,28637,18693,888,17805,9944,6846,3098
2024,7,15,7328,4554,132,4422,2774,2137,637
2024,7,16,3030,2038,35,2003,992,992,0
2024,7,17,6425,4353,184,4169,2072,1596,476
2024,7,18,3375,2356,133,2223,1019,607,412
2024,7,19,3717,2320,141,2179,1397,837,560
2024,7,20,2245,1584,82,1502,661,661,0
2024,7,21,5495,3935,466,3469,1560,870,690
2024,7,22,10535,7551,436,7115,2984,2252,732
2024,7,23,24084,14786,664,14122,9298,6206,3092
2024,7,24,5286,3067,30,3037,2219,1418,801
2024,7,25,4237,3427,215,3212,810,399,411
2024,7,26,8860,6082,57,6025,2778,1573,1205
2024,7,27,31587,20797,461,20336,10790,6730,4060
2024,7,28,17542,12510,412,12098,5032,3113,1919
2024,7,29,4005,2821,132,2689,1184,703,481
2024,7,30,3345,2604,165,2439,741,359,382
2024,7,31,1813,1168,4,1164,645,459,186
2024,7,32,1668,1079,9,1070,589,417,172
2024,7,33,5970,3948,54,3894,2022,1321,701
2024,7,34,9365,6116,52,6064,3249,2087,1162
2024,7,35,3664,2875,17,2858,789,531,258
2024,7,36,2145,1430,11,1419,715,550,165
2024,7,37,2796,1955,10,1945,841,639,202
2024,7,38,4164,2803,6,2797,1361,885,476
2024,7,39,2180,1453,21,1432,727,562,165
2024,7,40,17802,12493,33,12460,5309,3356,1953
2024,7,41,2753,1683,4,1679,1070,723,347
2024,7,42,4327,2830,43,2787,1497,1020,477
2024,7,43,6168,4287,39,4248,1881,1182,699
2024,7,44,3834,2742,14,2728,1092,724,368
2024,7,45,2913,1953,10,1943,960,558,402
2024,7,46,4726,3462,56,3406,1264,785,479
2024,7,47,4721,3381,23,3358,1340,888,452
2024,8,1,20533,15809,748,15061,4724,1910,2814
2024,8,2,3793,2726,33,2693,1067,621,446
2024,8,3,3613,2591,98,2493,1022,610,412
2024,8,4,6992,4699,142,4557,2293,1492,801
2024,8,5,2962,1915,37,1878,1047,695,352
2024,8,6,3495,2387,79,2308,1108,632,476
2024,8,7,6118,4257,153,4104,1861,1102,759
2024,8,8,8969,6311,182,6129,2658,2022,636
2024,8,9,8002,5416,312,5104,2586,1842,744
2024,8,10,7377,4945,173,4772,2432,1862,570
2024,8,11,20874,15208,932,14276,5666,3774,1892
2024,8,12,19905,13717,417,13300,6188,4145,2043
2024,8,13,49296,31525,1481,30044,17771,11956,5815
2024,8,14,28131,18022,805,17217,10109,7246,2863
2024,8,15,7836,4930,169,4761,2906,2277,629
2024,8,16,3007,1910,6,1904,1097,1097,0
2024,8,17,6295,4218,134,4084,2077,1571,506
2024,8,18,3348,2269,67,2202,1079,707,372
2024,8,19,4118,2592,173,2419,1526,1091,435
2024,8,20,2282,1601,156,1445,681,681,0
2024,8,21,5719,3978,173,3805,1741,1024,717
2024,8,22,10562,7434,314,7120,3128,2428,700
2024,8,23,24296,14656,691,13965,9640,6726,2914
2024,8,24,5371,3066,21,3045,2305,1580,725
2024,8,25,4252,3465,64,3401,787,376,411
2024,8,26,9044,6246,84,6162,2798,1648,1150
2024,8,27,32247,21073,398,20675,11174,7524,3650
2024,8,28,17290,11934,391,11543,5356,3500,1856
2024,8,29,4034,2789,133,2656,1245,739,506
2024,8,30,3273,2469,63,2406,804,353,451
2024,8,31,1970,1327,6,1321,643,459,184
2024,8,32,1719,1124,7,1117,595,415,180
2024,8,33,6442,4364,53,4311,2078,1345,733
2024,8,34,9481,6008,56,5952,3473,2168,1305
2024,8,35,3928,3133,22,3111,795,581,214
2024,8,36,2059,1355,13,1342,704,533,171
2024,8,37,3015,2202,6,2196,813,620,193
2024,8,38,4332,2916,10,2906,1416,948,468
2024,8,39,2165,1494,25,1469,671,513,158
2024,8,40,17787,12122,62,12060,5665,3689,1976
2024,8,41,2756,1753,7,1746,1003,670,333
2024,8,42,4301,2813,47,2766,1488,1026,462
2024,8,43,6054,4148,50,4098,1906,1239,667
2024,8,44,3604,2596,19,2577,1008,680,328
2024,8,45,3015,2037,18,2019,978,625,353
2024,8,46,4628,3313,76,3237,1315,879,436
2024,8,47,4281,2942,19,2923,1339,970,369
2024,9,1,20022,15482,727,14755,4540,1961,2579
2024,9,2,3680,2705,121,2584,975,559,416
2024,9,3,3715,2643,112,2531,1072,642,430
2024,9,4,7301,5054,215,4839,2247,1437,810
2024,9,5,2937,1909,125,1784,1028,675,353
2024,9,6,3453,2401,49,2352,1052,593,459
2024,9,7,5910,4161,150,4011,1749,1023,726
2024,9,8,8609,6038,441,5597,2571,1941,630
2024,9,9,7789,5311,548,4763,2478,1723,755
2024,9,10,7411,4955,467,4488,2456,1766,690
2024,9,11,19541,13959,968,12991,5582,3815,1767
2024,9,12,19225,13185,543,12642,6040,4189,1851
2024,9,13,48288,30911,1642,29269,17377,11639,5738
2024,9,14,27723,17807,924,16883,9916,7156,2760
2024,9,15,7108,4318,115,4203,2790,2194,596
2024,9,16,3062,2030,96,1934,1032,1032,0
2024,9,17,6186,4081,110,3971,2105,1601,504
2024,9,18,3402,2365,122,2243,1037,646,391
2024,9,19,3779,2381,131,2250,1398,931,467
2024,9,20,2306,1616,104,1512,690,690,0
2024,9,21,5617,4077,242,3835,1540,899,641
2024,9,22,10733,7671,534,7137,3062,2363,699
2024,9,23,24137,14902,642,14260,9235,6237,2998
2024,9,24,5638,3401,22,3379,2237,1480,757
2024,9,25,4440,3629,99,3530,811,405,406
2024,9,26,8963,6184,69,6115,2779,1685,1094
2024,9,27,32201,20800,456,20344,11401,7646,3755
2024,9,28,17315,12141,331,11810,5174,3392,1782
2024,9,29,4007,2816,135,2681,1191,738,453
2024,9,30,3444,2629,116,2513,815,392,423
2024,9,31,1854,1178,6,1172,676,495,181
2024,9,32,1739,1162,5,1157,577,417,160
2024,9,33,6257,4190,41,4149,2067,1392,675
2024,9,34,9847,6349,69,6280,3498,2188,1310
2024,9,35,4042,3254,12,3242,788,551,237
2024,9,36,2153,1463,11,1452,690,542,148
2024,9,37,2942,2084,9,2075,858,668,190
2024,9,38,4385,2964,9,2955,1421,978,443
2024,9,39,2381,1648,21,1627,733,566,167
2024,9,40,19224,13562,38,13524,5662,3688,1974
2024,9,41,2831,1735,1,1734,1096,736,360
2024,9,42,4727,3180,36,3144,1547,1065,482
2024,9,43,6539,4699,37,4662,1840,1155,685
2024,9,44,4318,3210,12,3198,1108,702,406
2024,9,45,3406,2367,15,2352,1039,668,371
2024,9,46,5416,3964,50,3914,1452,959,493
2024,9,47,4282,2957,23,2934,1325,947,378
2024,10,1,20908,16269,759,15510,4639,1935,2704
2024,10,2,3808,2807,168,2639,1001,548,453
2024,10,3,3885,2801,85,2716,1084,626,458
2024,10,4,8009,5735,256,5479,2274,1461,813
2024,10,5,3148,2153,87,2066,995,632,363
2024,10,6,3299,2256,57,2199,1043,612,431
2024,10,7,6316,4516,202,4314,1800,1016,784
2024,10,8,9626,7068,641,6427,2558,1932,626
2024,10,9,8165,5578,613,4965,2587,1795,792
2024,10,10,7665,5244,685,4559,2421,1661,760
2024,10,11,20714,15092,1256,13836,5622,3741,1881
2024,10,12,20551,14209,659,13550,6342,4397,1945
2024,10,13,47812,30510,1862,28648,17302,11496,5806
2024,10,14,28213,18411,977,17434,9802,6931,2871
2024,10,15,7532,4991,152,4839,2541,1975,566
2024,10,16,3363,2266,182,2084,1097,1097,0
2024,10,17,6372,4164,88,4076,2208,1664,544
2024,10,18,3575,2525,177,2348,1050,682,368
2024,10,19,3942,2445,172,2273,1497,1012,485
2024,10,20,2365,1699,128,1571,666,666,0
2024,10,21,5818,4216,333,3883,1602,903,699
2024,10,22,11108,8138,818,7320,2970,2326,644
2024,10,23,24404,14820,744,14076,9584,6617,2967
2024,10,24,5394,3247,22,3225,2147,1355,792
2024,10,25,4457,3655,109,3546,802,391,411
2024,10,26,9311,6525,84,6441,2786,1636,1150
2024,10,27,33382,22083,580,21503,11299,7432,3867
2024,10,28,17957,12833,361,12472,5124,3230,1894
2024,10,29,4048,2830,179,2651,1218,743,475
2024,10,30,3524,2739,96,2643,785,391,394
2024,10,31,1999,1338,6,1332,661,466,195
2024,10,32,1628,1089,4,1085,539,364,175
2024,10,33,6425,4382,51,4331,2043,1328,715
2024,10,34,9789,6312,76,6236,3477,2080,1397
2024,10,35,3910,3160,21,3139,750,504,246
2024,10,36,2290,1590,12,1578,700,523,177
2024,10,37,2919,2058,5,2053,861,667,194
2024,10,38,4352,2987,9,2978,1365,901,464
2024,10,39,2386,1652,26,1626,734,562,172
2024,10,40,18801,13343,36,13307,5458,3492,1966
2024,10,41,2691,1643,4,1639,1048,776,272
2024,10,42,4543,3084,22,3062,1459,1010,449
2024,10,43,6164,4316,23,4293,1848,1163,685
2024,10,44,3951,2870,27,2843,1081,699,382
2024,10,45,3315,2335,21,2314,980,626,354
2024,10,46,5185,3913,37,3876,1272,831,441
2024,10,47,4610,3342,14,3328,1268,880,388
2024,11,1,20523,15981,719,15262,4542,1879,2663
2024,11,2,3776,2784,127,2657,992,531,461
2024,11,3,3872,2850,117,2733,1022,611,411
2024,11,4,7375,5159,237,4922,2216,1450,766
2024,11,5,2990,2043,43,2000,947,589,358
2024,11,6,3565,2506,56,2450,1059,601,458
2024,11,7,6335,4550,176,4374,1785,1041,744
2024,11,8,9044,6653,581,6072,2391,1723,668
2024,11,9,8034,5518,664,4854,2516,1738,778
2024,11,10,7423,5063,543,4520,2360,1604,756
2024,11,11,21129,15449,1118,14331,5680,3812,1868
2024,11,12,20138,13938,536,13402,6200,4280,1920
2024,11,13,49588,31742,1624,30118,17846,12176,5670
2024,11,14,28498,18796,1016,17780,9702,6671,3031
2024,11,15,7234,4682,113,4569,2552,2011,541
2024,11,16,3036,2027,117,1910,1009,1009,0
2024,11,17,6498,4464,65,4399,2034,1470,564
2024,11,18,3266,2266,101,2165,1000,638,362
2024,11,19,3836,2358,135,2223,1478,1006,472
2024,11,20,2377,1747,37,1710,630,630,0
2024,11,21,5472,3909,342,3567,1563,889,674
2024,11,22,10722,7806,714,7092,2916,2312,604
2024,11,23,24200,14537,632,13905,9663,6771,2892
2024,11,24,5424,3258,12,3246,2166,1425,741
2024,11,25,4338,3573,68,3505,765,373,392
2024,11,26,8847,6338,85,6253,2509,1378,1131
2024,11,27,31764,20595,478,20117,11169,7399,3770
2024,11,28,17182,12473,334,12139,4709,2862,1847
2024,11,29,3972,2862,125,2737,1110,643,467
2024,11,30,3430,2703,191,2512,727,361,366
2024,11,31,1858,1225,2,1223,633,481,152
2024,11,32,1615,1096,3,1093,519,360,159
2024,11,33,6089,4108,44,4064,1981,1317,664
2024,11,34,9921,6449,36,6413,3472,2112,1360
2024,11,35,3918,3146,21,3125,772,516,256
2024,11,36,2238,1537,11,1526,701,543,158
2024,11,37,2950,2146,2,2144,804,616,188
2024,11,38,4357,2969,10,2959,1388,938,450
2024,11,39,2276,1568,12,1556,708,550,158
2024,11,40,18135,12834,28,12806,5301,3436,1865
2024,11,41,2744,1696,7,1689,1048,766,282
2024,11,42,4546,3082,22,3060,1464,994,470
2024,11,43,6273,4489,39,4450,1784,1143,641
2024,11,44,3897,2857,15,2842,1040,669,371
2024,11,45,3308,2360,23,2337,948,584,364
2024,11,46,4919,3652,46,3606,1267,844,423
2024,11,47,4648,3344,13,3331,1304,908,396
2024,12,1,21139,16587,1225,15362,4552,1629,2923
2024,12,2,3749,2805,64,2741,944,493,451
2024,12,3,3825,2744,101,2643,1081,627,454
2024,12,4,7420,5154,196,4958,2266,1480,786
2024,12,5,3209,2131,35,2096,1078,688,390
2024,12,6,3608,2509,76,2433,1099,631,468
2024,12,7,6528,4718,287,4431,1810,1036,774
2024,12,8,8978,6563,485,6078,2415,1768,647
2024,12,9,8360,5924,1288,4636,2436,1666,770
2024,12,10,7805,5461,655,4806,2344,1467,877
2024,12,11,20420,15199,1247,13952,5221,3225,1996
2024,12,12,20473,14463,476,13987,6010,4017,1993
2024,12,13,52044,34711,1446,33265,17333,11211,6122
2024,12,14,29536,19916,886,19030,9620,6453,3167
2024,12,15,7773,5280,134,5146,2493,1935,558
2024,12,16,3254,2208,119,2089,1046,1046,0
2024,12,17,6597,4518,92,4426,2079,1488,591
2024,12,18,3415,2369,125,2244,1046,611,435
2024,12,19,3937,2491,118,2373,1446,916,530
2024,12,20,2369,1701,70,1631,668,668,0
2024,12,21,5598,4124,308,3816,1474,745,729
2024,12,22,11080,8037,455,7582,3043,2256,787
2024,12,23,25216,16375,736,15639,8841,5635,3206
2024,12,24,5316,3352,19,3333,1964,1177,787
2024,12,25,4493,3799,194,3605,694,275,419
2024,12,26,9499,6767,105,6662,2732,1497,1235
2024,12,27,32220,21996,521,21475,10224,6208,4016
2024,12,28,17981,13277,379,12898,4704,2775,1929
2024,12,29,4068,2993,215,2778,1075,597,478
2024,12,30,3583,2797,110,2687,786,368,418
2024,12,31,2079,1405,3,1402,674,493,181
2024,12,32,1727,1171,1,1170,556,380,176
2024,12,33,6511,4554,39,4515,1957,1243,714
2024,12,34,10226,6810,78,6732,3416,1856,1560
2024,12,35,4145,3410,27,3383,735,476,259
2024,12,36,2310,1629,12,1617,681,530,151
2024,12,37,3072,2332,10,2322,740,533,207
2024,12,38,4431,3043,11,3032,1388,910,478
2024,12,39,2395,1674,14,1660,721,553,168
2024,12,40,18937,13392,39,13353,5545,3497,2048
2024,12,41,2770,1772,13,1759,998,670,328
2024,12,42,4505,3033,34,2999,1472,1006,466
2024,12,43,6459,4562,40,4522,1897,1259,638
2024,12,44,4160,3118,42,3076,1042,660,382
2024,12,45,3305,2275,22,2253,1030,651,379
2024,12,46,4797,3586,40,3546,1211,793,418
2024,12,47,4730,3351,28,3323,1379,949,430
2025,1,1,21366,16859,910,15949,4507,1771,2736
2025,1,2,3668,2735,88,2647,933,479,454
2025,1,3,3608,2591,87,2504,1017,603,414
2025,1,4,7524,5466,229,5237,2058,1390,668
2025,1,5,3117,2115,37,2078,1002,657,345
2025,1,6,3456,2411,44,2367,1045,608,437
2025,1,7,6343,4614,192,4422,1729,1004,725
2025,1,8,8616,6270,219,6051,2346,1783,563
2025,1,9,8243,5821,594,5227,2422,1743,679
2025,1,10,7055,4894,223,4671,2161,1406,755
2025,1,11,20153,14931,810,14121,5222,3325,1897
2025,1,12,20179,14029,335,13694,6150,4167,1983
2025,1,13,50553,33477,1262,32215,17076,11113,5963
2025,1,14,28398,18930,781,18149,9468,6504,2964
2025,1,15,7724,5189,136,5053,2535,1955,580
2025,1,16,3214,2204,105,2099,1010,1010,0
2025,1,17,6379,4296,59,4237,2083,1494,589
2025,1,18,3279,2287,109,2178,992,620,372
2025,1,19,3968,2565,170,2395,1403,920,483
2025,1,20,2257,1645,59,1586,612,612,0
2025,1,21,5633,4144,171,3973,1489,801,688
2025,1,22,10400,7680,402,7278,2720,2086,634
2025,1,23,24419,15801,601,15200,8618,5740,2878
2025,1,24,5374,3349,18,3331,2025,1286,739
2025,1,25,4807,4040,100,3940,767,378,389
2025,1,26,9120,6515,72,6443,2605,1476,1129
2025,1,27,31302,21220,362,20858,10082,6534,3548
2025,1,28,17388,12716,305,12411,4672,2883,1789
2025,1,29,4000,2977,136,2841,1023,577,446
2025,1,30,3498,2774,97,2677,724,355,369
2025,1,31,1928,1292,3,1289,636,467,169
2025,1,32,1646,1091,5,1086,555,391,164
2025,1,33,6132,4247,48,4199,1885,1229,656
2025,1,34,9941,6419,50,6369,3522,2123,1399
2025,1,35,3978,3257,20,3237,721,478,243
2025,1,36,2213,1536,11,1525,677,505,172
2025,1,37,3112,2344,4,2340,768,577,191
2025,1,38,4225,2928,9,2919,1297,831,466
2025,1,39,2234,1545,9,1536,689,532,157
2025,1,40,18206,12937,28,12909,5269,3453,1816
2025,1,41,2776,1772,5,1767,1004,667,337
2025,1,42,4074,2739,32,2707,1335,920,415
2025,1,43,6268,4494,34,4460,1774,1209,565
2025,1,44,3932,2931,17,2914,1001,688,313
2025,1,45,3103,2113,24,2089,990,628,362
2025,1,46,4863,3564,28,3536,1299,817,482
2025,1,47,4704,3371,30,3341,1333,911,422
2025,2,1,19242,15009,1011,13998,4233,1615,2618
2025,2,2,3565,2583,68,2515,982,565,417
2025,2,3,3563,2538,98,2440,1025,674,351
2025,2,4,6820,4847,179,4668,1973,1360,613
2025,2,5,2722,1763,24,1739,959,616,343
2025,2,6,3115,2191,49,2142,924,533,391
2025,2,7,5771,4010,88,3922,1761,1069,692
2025,2,8,8481,6252,166,6086,2229,1665,564
2025,2,9,7500,5158,327,4831,2342,1670,672
2025,2,10,6732,4606,163,4443,2126,1341,785
2025,2,11,19495,14293,910,13383,5202,3456,1746
2025,2,12,18867,13233,384,12849,5634,3728,1906
2025,2,13,47312,31013,1719,29294,16299,10751,5548
2025,2,14,27377,18129,851,17278,9248,6304,2944
2025,2,15,6260,3882,116,3766,2378,1951,427
2025,2,16,2933,1910,33,1877,1023,1023,0
2025,2,17,5995,3949,84,3865,2046,1476,570
2025,2,18,3178,2249,81,2168,929,559,370
2025,2,19,3708,2410,129,2281,1298,829,469
2025,2,20,2071,1488,30,1458,583,583,0
2025,2,21,5314,3892,190,3702,1422,796,626
2025,2,22,10178,7391,248,7143,2787,2166,621
2025,2,23,22739,14164,623,13541,8575,5797,2778
2025,2,24,4911,3001,18,2983,1910,1255,655
2025,2,25,4041,3339,104,3235,702,349,353
2025,2,26,8336,5866,74,5792,2470,1402,1068
2025,2,27,30986,21018,662,20356,9968,6591,3377
2025,2,28,16301,11937,350,11587,4364,2714,1650
2025,2,29,3665,2828,169,2659,837,482,355
2025,2,30,3238,2522,68,2454,716,347,369
2025,2,31,1742,1166,3,1163,576,427,149
2025,2,32,1525,995,6,989,530,364,166
2025,2,33,5936,4080,28,4052,1856,1216,640
2025,2,34,9427,6075,70,6005,3352,1933,1419
2025,2,35,3744,3069,18,3051,675,464,211
2025,2,36,2124,1498,10,1488,626,494,132
2025,2,37,2841,2074,4,2070,767,577,190
2025,2,38,4180,2900,1,2899,1280,847,433
2025,2,39,2209,1520,18,1502,689,537,152
2025,2,40,17993,12949,47,12902,5044,3322,1722
2025,2,41,2602,1633,7,1626,969,681,288
2025,2,42,4164,2765,27,2738,1399,928,471
2025,2,43,5762,4184,58,4126,1578,1044,534
2025,2,44,3829,2871,9,2862,958,619,339
2025,2,45,3202,2262,14,2248,940,597,343
2025,2,46,4604,3520,36,3484,1084,655,429
2025,2,47,4021,2796,33,2763,1225,835,390
